112.572446 
112.863555 
112.381080 
112.675286 
112.318073 
112.094000 
112.317697 
112.651332 
112.295494 
111.914989 
111.619330 
111.457663 
111.282567 
111.368185 
111.121561 
110.992354 
111.043163 
111.182431 
111.014126 
111.115559 
110.878671 
111.014133 
110.891745 
111.037196 
111.213187 
110.958604 
110.824227 
110.749863 
110.859232 
110.942415 
110.804404 
110.682852 
110.688285 
110.608978 
110.663075 
110.574616 
110.577837 
110.588619 
110.618554 
110.671688 
110.601868 
110.656580 
110.631154 
110.677606 
110.473434 
110.528226 
110.382747 
110.367903 
110.387568 
110.370582 
110.396848 
110.366557 
110.340194 
110.336886 
110.370293 
110.231397 
110.046615 
110.106420 
110.140374 
110.004091 
110.008624 
109.948221 
109.938451 
110.023472 
109.899261 
109.803369 
109.797403 
109.842812 
109.902991 
109.774686 
109.631676 
109.568599 
109.592402 
109.503771 
109.438350 
109.449905 
109.532663 
109.411592 
109.475312 
109.552438 
109.690567 
109.407033 
109.547809 
109.285010 
109.069830 
108.944284 
109.002103 
109.113581 
108.836225 
108.796637 
108.816748 
108.897271 
108.996659 
109.115835 
108.967493 
108.811820 
108.693358 
108.659472 
108.719587 
108.660266 
108.647972 
108.717046 
108.766300 
108.884945 
108.690799 
108.844728 
108.676430 
108.523885 
108.551578 
108.499588 
108.567614 
108.460096 
108.446426 
108.433438 
108.452742 
108.330734 
108.412632 
108.544348 
108.751576 
108.894407 
109.023092 
109.285428 
109.034349 
109.350717 
109.711591 
109.371512 
109.141395 
109.385502 
109.098771 
109.432499 
109.079192 
109.299799 
108.879608 
109.148977 
108.843344 
108.531367 
108.731831 
108.917748 
108.484960 
108.689851 
108.444257 
108.172004 
108.290802 
108.071362 
107.953116 
107.773733 
107.657250 
107.608227 
107.544152 
107.530591 
107.490634 
107.474972 
107.421802 
107.400482 
107.484530 
107.417847 
107.360476 
107.339758 
107.269155 
107.292117 
107.263298 
107.232635 
107.254525 
107.169314 
107.170928 
107.167236 
107.175158 
107.171527 
107.056763 
107.030126 
107.044769 
107.098922 
106.961475 
107.056651 
106.922712 
106.950232 
107.036063 
106.865642 
106.900841 
107.092993 
106.959593 
107.093088 
106.845029 
106.764183 
106.570164 
106.486743 
106.473552 
106.526407 
106.668471 
106.517574 
106.397720 
106.313518 
106.292365 
106.316229 
106.150489 
106.234937 
106.120018 
106.120237 
106.000945 
105.982045 
105.981016 
105.996958 
106.007220 
105.904776 
105.951746 
105.798445 
105.873300 
105.869465 
105.750001 
105.678760 
105.746719 
105.787164 
105.657707 
105.591183 
105.634556 
105.595085 
105.589106 
105.575974 
105.581594 
105.627195 
105.706989 
105.648731 
105.585617 
105.563989 
105.527304 
105.569276 
105.591713 
105.490001 
105.541562 
105.397110 
105.331672 
105.338888 
105.523655 
105.633655 
105.433949 
105.590294 
105.434605 
105.530777 
105.363190 
105.295950 
105.227372 
105.197216 
105.115314 
105.104055 
105.154069 
105.063830 
105.077753 
104.969134 
105.014522 
104.868342 
104.841126 
104.866918 
104.922260 
105.019434 
104.918332 
104.869932 
104.906953 
104.908829 
104.856264 
104.832305 
104.905986 
104.993194 
105.127992 
105.007129 
104.778838 
104.574220 
104.652828 
104.781324 
104.880998 
105.001827 
105.197351 
104.897963 
105.122791 
104.850593 
104.614874 
104.771668 
104.459695 
104.296689 
104.460693 
104.245972 
104.323873 
104.423953 
104.625168 
104.399851 
104.327394 
104.168287 
104.080462 
104.042927 
104.014700 
103.970192 
104.002312 
104.045947 
103.993992 
103.951346 
103.915036 
103.855813 
103.827947 
103.863411 
103.781441 
103.773562 
103.777712 
103.759246 
103.740574 
103.777363 
103.789975 
103.735658 
103.626721 
103.664218 
103.719875 
103.532931 
103.437617 
103.384255 
103.333568 
103.288412 
103.284088 
103.276033 
103.275135 
103.211638 
103.278251 
103.160124 
103.169421 
103.190755 
103.239149 
103.223141 
103.294544 
103.160977 
103.204971 
103.088292 
103.065215 
103.061204 
103.013459 
102.952877 
102.986809 
103.051543 
103.008683 
102.914188 
102.854266 
102.819831 
102.838159 
102.735879 
102.587476 
102.573912 
102.625993 
102.743490 
102.874304 
103.006051 
102.754650 
102.837810 
102.603910 
102.704446 
102.917315 
103.205825 
102.954323 
102.668407 
102.845565 
102.594228 
102.382422 
102.498613 
102.602556 
102.817630 
102.651770 
102.799160 
102.619383 
102.833619 
102.571747 
102.778392 
103.033712 
103.249833 
103.624785 
104.027946 
104.322578 
104.737341 
105.262022 
104.634044 
105.061742 
105.714641 
106.114682 
106.577326 
105.876546 
105.355634 
105.706109 
105.051005 
105.396412 
105.797577 
105.217621 
105.722603 
105.094789 
104.710563 
104.107605 
104.501226 
103.966355 
103.423779 
102.972681 
103.232071 
103.539202 
103.071310 
102.666075 
102.297681 
102.555351 
102.341299 
102.002088 
102.183694 
101.920972 
101.663725 
101.803467 
101.536677 
101.624002 
101.411020 
101.259147 
101.148778 
101.145918 
101.165763 
101.127652 
101.170504 
101.151519 
101.214585 
101.187118 
101.138008 
101.191785 
101.267170 
101.393838 
101.172764 
101.241535 
101.467311 
101.226045 
101.423801 
101.685474 
101.909015 
102.160301 
102.485290 
102.766713 
103.190685 
102.612410 
102.994345 
102.476970 
101.937786 
101.520180 
101.180934 
100.909634 
101.113263 
101.374054 
101.700774 
101.253151 
100.920719 
100.682244 
100.510332 
100.423016 
100.471889 
100.363375 
100.277154 
100.313337 
100.236918 
100.301720 
100.255295 
100.242538 
100.328214 
100.427475 
100.359399 
100.441227 
100.300673 
100.306533 
100.419390 
100.604814 
100.411879 
100.247110 
100.286250 
100.433319 
100.608690 
100.311289 
100.235803 
100.412900 
100.241865 
100.314164 
100.050164 
100.159323 
100.252347 
100.435535 
100.153677 
99.916625 
99.964123 
99.889427 
99.755236 
99.753915 
99.771318 
99.678644 
99.698098 
99.806842 
99.656875 
99.703349 
99.741023 
99.557011 
99.711709 
99.582987 
99.473561 
99.452615 
99.452977 
99.509686 
99.557828 
99.419711 
99.378786 
99.310972 
99.276435 
99.232058 
99.251609 
99.189988 
99.158318 
99.200836 
99.295652 
99.396399 
99.277048 
99.103213 
99.026251 
98.986871 
98.974307 
99.000900 
98.943613 
98.991014 
98.893605 
98.925665 
99.074157 
99.234094 
99.407611 
99.177357 
99.351553 
99.496528 
99.165246 
99.420886 
99.150191 
98.946151 
99.084934 
98.823734 
98.987982 
98.781013 
98.873601 
99.030011 
98.825843 
98.995940 
99.228168 
98.955659 
98.763891 
98.642287 
98.547025 
98.552468 
98.605665 
98.558472 
98.580965 
98.657149 
98.590133 
98.596048 
98.561591 
98.615408 
98.591933 
98.573356 
98.516796 
98.523812 
98.456335 
98.418194 
98.487165 
98.595407 
98.709321 
98.444257 
98.519586 
98.668354 
98.551388 
98.372377 
98.250180 
98.251537 
98.287709 
98.358722 
98.203972 
98.108530 
98.153891 
98.220557 
98.100716 
98.181723 
98.032421 
97.934701 
98.060522 
97.963207 
97.993986 
97.849733 
97.904729 
97.830526 
97.853818 
97.791083 
97.837754 
97.936077 
97.816922 
97.797194 
97.739781 
97.781898 
97.824318 
97.910035 
98.036057 
98.252385 
98.501213 
98.165973 
98.360639 
98.093478 
97.838801 
97.971980 
97.825143 
97.666171 
97.816021 
98.001098 
97.754225 
97.945412 
98.120225 
97.844027 
97.660547 
97.465690 
97.529342 
97.656522 
97.525660 
97.428033 
97.578640 
97.430732 
97.297080 
97.203233 
97.164377 
97.142349 
97.181090 
97.152671 
97.123428 
97.158676 
97.093855 
97.063619 
97.039291 
97.060543 
96.993951 
96.944394 
96.931555 
96.971611 
96.879264 
96.891199 
96.939340 
97.073478 
96.971604 
97.065313 
97.272197 
97.088938 
97.266411 
97.033516 
97.152517 
97.303274 
97.061987 
96.874391 
96.802836 
96.817118 
96.915148 
96.778201 
96.846329 
96.944783 
96.721273 
96.915053 
96.639491 
96.494362 
96.402756 
96.412930 
96.407691 
96.379587 
96.409092 
96.436895 
96.378042 
96.480380 
96.586110 
96.720249 
96.549924 
96.659045 
96.426316 
96.301372 
96.242476 
96.258619 
96.267697 
96.223669 
96.168383 
96.166343 
96.266491 
96.146897 
96.107295 
96.057081 
96.051106 
96.029759 
96.085223 
96.059952 
96.069980 
96.019146 
96.067159 
96.024253 
96.049063 
96.051096 
96.025312 
96.072705 
96.130718 
96.163652 
96.069382 
95.961124 
95.991197 
95.924945 
95.993037 
96.089268 
95.946792 
95.851503 
95.826853 
95.802755 
95.850564 
95.783329 
95.806856 
95.761104 
95.730949 
95.728525 
95.748236 
95.782838 
95.703965 
95.703302 
95.814364 
96.001416 
95.816774 
95.994396 
96.160888 
96.409066 
96.023961 
96.231326 
96.541938 
96.822595 
96.397248 
96.164661 
95.913841 
95.692599 
95.499429 
95.387448 
95.446910 
95.364257 
95.396750 
95.421227 
95.321773 
95.417606 
95.309354 
95.220444 
95.227849 
95.289331 
95.159407 
95.160211 
95.154809 
95.123535 
95.123785 
95.218351 
95.323158 
95.146047 
95.108068 
95.181399 
95.096219 
95.096008 
95.147842 
95.181022 
95.347633 
95.141951 
95.315153 
95.524354 
95.295075 
95.110390 
95.010351 
95.062928 
95.198144 
95.356489 
95.512700 
95.253148 
95.368259 
95.546987 
95.340141 
95.095575 
95.157444 
95.022172 
95.096757 
94.947513 
95.112267 
95.261811 
95.457002 
95.620658 
95.333613 
95.580155 
95.217553 
95.325282 
95.564104 
95.333945 
95.063589 
95.267559 
95.477192 
95.186262 
94.959558 
95.238256 
94.949793 
95.178865 
95.251547 
94.975408 
95.020036 
95.205090 
94.971504 
94.760732 
94.995073 
94.773067 
94.807528 
94.622574 
94.443154 
94.390251 
94.406675 
94.284924 
94.270410 
94.288052 
94.242379 
94.196211 
94.213871 
94.294461 
94.213088 
94.124497 
94.138536 
94.067018 
94.066897 
94.107760 
94.018352 
93.955452 
94.016922 
93.935642 
93.971090 
93.899862 
93.916722 
94.022915 
93.897161 
93.878202 
93.898283 
93.996136 
93.896601 
93.977483 
93.960667 
93.952039 
93.934482 
93.847279 
93.870292 
93.910308 
93.977590 
94.073230 
93.892222 
93.955309 
93.767534 
93.668795 
93.668698 
93.552148 
93.608800 
93.680864 
93.826925 
93.950989 
94.140818 
94.394148 
94.084649 
94.337222 
94.609739 
94.204309 
93.845595 
94.039966 
94.257270 
93.911267 
93.664565 
93.860367 
93.971128 
94.314633 
93.985784 
93.679684 
93.852186 
93.583338 
93.380034 
93.219300 
93.125904 
93.142137 
93.033487 
92.995501 
92.981645 
93.074527 
92.988816 
92.949740 
93.005222 
92.942526 
92.972802 
92.925694 
92.899005 
92.902400 
92.823538 
92.823765 
92.839454 
92.930457 
92.866117 
92.798277 
92.768450 
92.857888 
92.756290 
92.761940 
92.880099 
92.768903 
92.796898 
92.671669 
92.623949 
92.654025 
92.600991 
92.587467 
92.635379 
92.553888 
92.532975 
92.564984 
92.571175 
92.647032 
92.770916 
92.614005 
92.484957 
92.450624 
92.462751 
92.571736 
92.484182 
92.356675 
92.338814 
92.336824 
92.281834 
92.294023 
92.293796 
92.211323 
92.157089 
92.163198 
92.192442 
92.380851 
92.499161 
92.318071 
92.160123 
92.063751 
91.975208 
91.942576 
92.019082 
91.921040 
91.947983 
92.076853 
92.242726 
92.436025 
92.594793 
92.749060 
92.485619 
92.816846 
92.510670 
92.689661 
92.430927 
92.174194 
91.984965 
91.843146 
91.788854 
91.785042 
91.750552 
91.764106 
91.674850 
91.688927 
91.724682 
91.854629 
91.700784 
91.623024 
91.683750 
91.800486 
91.649674 
91.557616 
91.595594 
91.702023 
91.796871 
91.637657 
91.823716 
91.658409 
91.585612 
91.538745 
91.505135 
91.534156 
91.485063 
91.525351 
91.588049 
91.695016 
91.764265 
91.951113 
91.797641 
91.616169 
91.718846 
92.035212 
92.165234 
91.837236 
91.627789 
91.470356 
91.582182 
91.746296 
91.897261 
92.175324 
91.870831 
92.101126 
91.790539 
91.879547 
92.182798 
91.874060 
92.070145 
92.350303 
91.936142 
92.389105 
92.622310 
92.263234 
92.530737 
92.133538 
91.782845 
91.534059 
91.911818 
91.544285 
91.847406 
92.297198 
92.525029 
92.030883 
91.760490 
91.439004 
91.744018 
91.397171 
91.165326 
91.346653 
91.642346 
91.410656 
91.522086 
91.253510 
91.409669 
91.188521 
90.943031 
91.009126 
91.138792 
90.948656 
90.787414 
90.863232 
90.947333 
91.094886 
90.869667 
90.646168 
90.770378 
90.582317 
90.637879 
90.479019 
90.526938 
90.684349 
90.517484 
90.445881 
90.407624 
90.428149 
90.489067 
90.625431 
90.774196 
91.062103 
90.776941 
90.542486 
90.704910 
90.513826 
90.720498 
90.861883 
90.991754 
90.732311 
91.042839 
91.318651 
90.966392 
91.128502 
90.835315 
90.541721 
90.296606 
90.160596 
90.074291 
90.019107 
90.044656 
90.074843 
90.258147 
90.104805 
89.986485 
89.921989 
89.915574 
89.888276 
89.893096 
89.830086 
89.899110 
89.992444 
90.102434 
90.295708 
90.530004 
90.265413 
90.077006 
89.970177 
90.042866 
89.917052 
89.967746 
90.056643 
90.185479 
89.983724 
90.067527 
89.836200 
89.948930 
90.178819 
89.968289 
89.807770 
90.006461 
90.161149 
90.022030 
89.807899 
89.903838 
90.060350 
90.264133 
90.519582 
90.766386 
90.940745 
90.515889 
90.679418 
91.039109 
91.192857 
90.704190 
90.454188 
90.138055 
89.878203 
89.978470 
90.124358 
90.263520 
90.032203 
89.741228 
89.903897 
89.615238 
89.408426 
89.540854 
89.415178 
89.526260 
89.333640 
89.452980 
89.664414 
89.762892 
89.866005 
90.112478 
90.475349 
90.182984 
90.331446 
90.639355 
90.451437 
90.050246 
90.265859 
90.551842 
90.784167 
91.155172 
90.733662 
90.343336 
90.575135 
90.888419 
90.381140 
89.946924 
90.197189 
90.604830 
90.153170 
89.811986 
89.586844 
89.251679 
89.583462 
89.784620 
89.961951 
90.114811 
90.437618 
89.970511 
90.317888 
89.864436 
89.464480 
89.127002 
88.835717 
89.013749 
89.137576 
88.898010 
88.656587 
88.826745 
89.068875 
88.805781 
88.959917 
88.785846 
88.951469 
89.112477 
88.825829 
88.595195 
88.462026 
88.373089 
88.435788 
88.475737 
88.362909 
88.285773 
88.356456 
88.243053 
88.275530 
88.229941 
88.175481 
88.161106 
88.186811 
88.156157 
88.138068 
88.146270 
88.165803 
88.235596 
88.291840 
88.391207 
88.533015 
88.684983 
88.984188 
89.323343 
89.569645 
89.200902 
89.454464 
89.634501 
89.718499 
90.155243 
89.763766 
89.318130 
88.977561 
89.162322 
88.835090 
89.113380 
88.794101 
88.528245 
88.790911 
88.545730 
88.762548 
88.485135 
88.224010 
88.071646 
88.173284 
87.935958 
87.986218 
87.872467 
87.936693 
87.803945 
87.848306 
87.762510 
87.892490 
87.941482 
87.746901 
87.672630 
87.632209 
87.645796 
87.616465 
87.613265 
87.568335 
87.576520 
87.674871 
87.845155 
87.653134 
87.770340 
87.603519 
87.479231 
87.529985 
87.736761 
87.804205 
87.860576 
88.156547 
87.886549 
88.017493 
87.748944 
87.560628 
87.806606 
87.928353 
87.678673 
87.956434 
87.709679 
87.896141 
87.680537 
87.501370 
87.386728 
87.293210 
87.347781 
87.498646 
87.697230 
87.503131 
87.388353 
87.255339 
87.308951 
87.190247 
87.144305 
87.155737 
87.178184 
87.090509 
87.046824 
87.044958 
87.092784 
87.028353 
87.053358 
87.011346 
86.979564 
87.003535 
87.021755 
87.132564 
87.198467 
87.335471 
87.137299 
87.222954 
87.291730 
87.402948 
87.209836 
87.011374 
86.903972 
87.002187 
87.060530 
86.845314 
86.740573 
86.789935 
86.688969 
86.650102 
86.654940 
86.745300 
86.647708 
86.706883 
86.761153 
86.620226 
86.711858 
86.612730 
86.682717 
86.758257 
86.639645 
86.775211 
86.653171 
86.540595 
86.646961 
86.535528 
86.625480 
86.735780 
86.564699 
86.489643 
86.415744 
86.368728 
86.379000 
86.444828 
86.532237 
86.603472 
86.440158 
86.461101 
86.341367 
86.256594 
86.207714 
86.204763 
86.321004 
86.212870 
86.162488 
86.194970 
86.227842 
86.292212 
86.429301 
86.638202 
86.671423 
86.436466 
86.281940 
86.363543 
86.237729 
86.416608 
86.610129 
86.374706 
86.625717 
86.365298 
86.201634 
86.269151 
86.162770 
86.336079 
86.478778 
86.231797 
86.146347 
86.044667 
85.967698 
86.014633 
86.074677 
85.960756 
85.914670 
85.888220 
85.890780 
85.878161 
85.883334 
85.836792 
85.873292 
85.909774 
85.975955 
86.028332 
85.895911 
85.798566 
85.914983 
85.998923 
86.106422 
86.349308 
86.088304 
85.869952 
85.926313 
86.063082 
86.354344 
86.565776 
86.835172 
87.139931 
86.713848 
86.957002 
86.639069 
86.801316 
87.008740 
86.641551 
87.001773 
87.292122 
86.817504 
87.202450 
86.782582 
86.441739 
86.081440 
85.828732 
85.942930 
85.707225 
85.544323 
85.402853 
85.574683 
85.648216 
85.495032 
85.405441 
85.341270 
85.302109 
85.317124 
85.256907 
85.303765 
85.426464 
85.290535 
85.392026 
85.553025 
85.758874 
85.873836 
86.143986 
86.347537 
86.545840 
86.795317 
86.930257 
86.627677 
86.995231 
87.266738 
86.764752 
87.046477 
87.474279 
87.011546 
87.321359 
86.838826 
87.021793 
87.221341 
87.470086 
86.984865 
87.363638 
86.906533 
86.670754 
86.220922 
85.899079 
86.116409 
86.224343 
86.407906 
86.635813 
86.198358 
85.906631 
85.565134 
85.279300 
85.043070 
85.257954 
85.547772 
85.805818 
85.547360 
85.294363 
85.076747 
85.277976 
85.460915 
85.237198 
85.048267 
84.885535 
84.942625 
85.020339 
84.827420 
84.971952 
85.054378 
85.225196 
84.963183 
85.118820 
84.891570 
85.109521 
85.238636 
85.448532 
85.644260 
85.879552 
86.182980 
85.728200 
85.443408 
85.633781 
85.330966 
85.044643 
84.791637 
84.602947 
84.691082 
84.873421 
84.681661 
84.805423 
84.946930 
85.061219 
84.803663 
84.602745 
84.458119 
84.338917 
84.303483 
84.334986 
84.285802 
84.283837 
84.342113 
84.283132 
84.264548 
84.275101 
84.245107 
84.278760 
84.354766 
84.492977 
84.411310 
84.265186 
84.368890 
84.451978 
84.682168 
84.427526 
84.275192 
84.187027 
84.232093 
84.310395 
84.509898 
84.719563 
84.507868 
84.327016 
84.168012 
84.098158 
84.178483 
84.317852 
84.170350 
84.316515 
84.457242 
84.246587 
84.101775 
84.190540 
84.084351 
84.154527 
84.243662 
84.367035 
84.507709 
84.264312 
84.361108 
84.613546 
84.900378 
84.597687 
84.354507 
84.167129 
84.035859 
84.198737 
84.034327 
84.090030 
83.979069 
83.928043 
83.858384 
83.856812 
83.870203 
83.918601 
83.965004 
84.049702 
84.157529 
83.963801 
84.092078 
84.149315 
84.296810 
84.120155 
84.362529 
84.131233 
84.355776 
84.622327 
84.322606 
84.111959 
84.253486 
83.963823 
83.813855 
83.956129 
84.054855 
83.840581 
84.084938 
84.230392 
84.052772 
84.274169 
84.066472 
83.831351 
83.709523 
83.828369 
83.940574 
84.117528 
83.867797 
84.053381 
84.196203 
84.328036 
84.699834 
84.318402 
84.066228 
83.837763 
83.623199 
83.673525 
83.804823 
83.601040 
83.498310 
83.649126 
83.813474 
83.920037 
84.191285 
84.272703 
83.969934 
83.738737 
83.924781 
84.085024 
83.898012 
84.043556 
84.226006 
84.504139 
85.010473 
84.638296 
84.302494 
84.558040 
84.843538 
85.380024 
85.551675 
85.867956 
86.462003 
86.855317 
86.263742 
86.784536 
86.149638 
85.613996 
85.885860 
86.247030 
86.706362 
87.136415 
86.530010 
86.829023 
86.294685 
85.654113 
85.174376 
85.765834 
85.989060 
85.448438 
85.566947 
85.218421 
85.612520 
86.202673 
86.793016 
86.217980 
85.649065 
85.121130 
84.696138 
84.973898 
84.519005 
84.832485 
85.128355 
84.640918 
85.108626 
85.624854 
85.902353 
86.056616 
86.453075 
86.507719 
86.787391 
87.510786 
87.862357 
87.100978 
87.452748 
87.718443 
86.964240 
86.358908 
86.990718 
86.300714 
86.814506 
86.142378 
86.665079 
86.059078 
86.840131 
87.159185 
86.514390 
86.709972 
85.977557 
86.189415 
86.535115 
85.946497 
86.213904 
85.613341 
85.145493 
85.319228 
85.859269 
85.221343 
85.395805 
85.701938 
85.149678 
84.713333 
84.889631 
85.390580 
85.792652 
85.155717 
85.678509 
86.057648 
85.425069 
85.739100 
86.018865 
86.333835 
86.938451 
86.225850 
86.435428 
85.808968 
85.155269 
85.668201 
85.107481 
84.555708 
84.893567 
84.322401 
83.896630 
84.037918 
83.722844 
84.177000 
84.455445 
84.749901 
84.162446 
83.740019 
83.942340 
83.632689 
83.352713 
83.111759 
82.821243 
82.984465 
82.777804 
82.576347 
82.691126 
82.780982 
83.058944 
83.217749 
83.301173 
82.982439 
82.867399 
82.640142 
82.448905 
82.335000 
82.403019 
82.502661 
82.810836 
82.997672 
82.776794 
82.507799 
82.343439 
82.474633 
82.320669 
82.232750 
82.179180 
82.175029 
82.214075 
82.163430 
82.142751 
82.103154 
82.140925 
82.261722 
82.163622 
82.104620 
82.070283 
82.046382 
82.066735 
82.106706 
82.194562 
82.086576 
82.022758 
82.039742 
82.085879 
81.985945 
81.937621 
81.918480 
81.918385 
81.882116 
81.925782 
81.967491 
82.094807 
82.191516 
82.020223 
82.126730 
82.279960 
82.100707 
82.172635 
82.381146 
82.478806 
82.551840 
82.277457 
82.422709 
82.153924 
82.316128 
82.149725 
82.313525 
82.091962 
81.900265 
81.788273 
81.721635 
81.696674 
81.692267 
81.708707 
81.769694 
81.733865 
81.697240 
81.696114 
81.711846 
81.819225 
81.912024 
81.777539 
81.694574 
81.808086 
81.848508 
81.743717 
81.811712 
81.989324 
82.082364 
82.225732 
81.959759 
82.146978 
81.999906 
81.787052 
81.623623 
81.538148 
81.459569 
81.479332 
81.413827 
81.418528 
81.474697 
81.396452 
81.416391 
81.440517 
81.422012 
81.470128 
81.423128 
81.406241 
81.388014 
81.400206 
81.447530 
81.399724 
81.352958 
81.399484 
81.423907 
81.341602 
81.433714 
81.360802 
81.398822 
81.338717 
81.319183 
81.338785 
81.291538 
81.280358 
81.281950 
81.255185 
81.300585 
81.313874 
81.342776 
81.266285 
81.293686 
81.246677 
81.199716 
81.206850 
81.180187 
81.168525 
81.210992 
81.227151 
81.159039 
81.124964 
81.122504 
81.090761 
81.103699 
81.135625 
81.182372 
81.281628 
81.329151 
81.503324 
81.690674 
81.424339 
81.320883 
81.361770 
81.549708 
81.694408 
81.437465 
81.234915 
81.327979 
81.213838 
81.052980 
80.959371 
81.020180 
80.933092 
81.025375 
80.903616 
80.839347 
80.869822 
80.826235 
80.912202 
80.849015 
80.816182 
80.851252 
80.804107 
80.835856 
80.796791 
80.784963 
80.799164 
80.779834 
80.794046 
80.839006 
80.762152 
80.732201 
80.740930 
80.750426 
80.823808 
81.014493 
81.243182 
81.322247 
81.120766 
81.193896 
80.980433 
81.168208 
80.980473 
81.139176 
80.935979 
81.177408 
81.021394 
80.858805 
80.743327 
80.660879 
80.688397 
80.617920 
80.612848 
80.600172 
80.625514 
80.688652 
80.628988 
80.724147 
80.644524 
80.605247 
80.628673 
80.738800 
80.666861 
80.609836 
80.639650 
80.606930 
80.611604 
80.629607 
80.712180 
80.614777 
80.576315 
80.556956 
80.594283 
80.548723 
80.602670 
80.630185 
80.689382 
80.591821 
80.503747 
80.590142 
80.721998 
80.794056 
80.624439 
80.519521 
80.677911 
80.590824 
80.528420 
80.498198 
80.493338 
80.476916 
80.507305 
80.457122 
80.462870 
80.561931 
80.481368 
80.407740 
80.445654 
80.536071 
80.647217 
80.515344 
80.422786 
80.380984 
80.401709 
80.349275 
80.350693 
80.376221 
80.422719 
80.345988 
80.303905 
80.339935 
80.376719 
80.447450 
80.541201 
80.633922 
80.741944 
80.529464 
80.464542 
80.653508 
80.437162 
80.576103 
80.434302 
80.693370 
80.473754 
80.348185 
80.248116 
80.306478 
80.215433 
80.319290 
80.228392 
80.275481 
80.490978 
80.730767 
80.824292 
81.031353 
80.737974 
80.509521 
80.738241 
80.485373 
80.322588 
80.510185 
80.370388 
80.251361 
80.144491 
80.115277 
80.140841 
80.190500 
80.327718 
80.550439 
80.711304 
80.493964 
80.671892 
80.970563 
81.257764 
81.338937 
81.495432 
81.848086 
82.214011 
82.584991 
82.224958 
82.716133 
82.312870 
82.763996 
82.978199 
83.178934 
82.658889 
82.173374 
81.814596 
81.367570 
81.616622 
81.330811 
81.720608 
81.355515 
81.571446 
81.940677 
81.480412 
81.044421 
80.690104 
80.448099 
80.557819 
80.775161 
80.470520 
80.720190 
80.595975 
80.364654 
80.425443 
80.309429 
80.435311 
80.724658 
80.498239 
80.281659 
80.459794 
80.520928 
80.280983 
80.408394 
80.195136 
79.990128 
79.854585 
79.998258 
80.119093 
80.052464 
80.205826 
80.034388 
80.127909 
80.258921 
80.031031 
80.133823 
80.369139 
80.618314 
80.431863 
80.738928 
80.382379 
80.091269 
80.378798 
80.729236 
80.383880 
80.148026 
80.395501 
80.564008 
80.257139 
80.369551 
80.183173 
80.502905 
80.765109 
80.430345 
80.165624 
80.421034 
80.684944 
80.793072 
80.920282 
80.648818 
80.287425 
80.086177 
80.042527 
79.816000 
79.910378 
79.746069 
79.643700 
79.543814 
79.628121 
79.540018 
79.657378 
79.808899 
79.718217 
79.849844 
79.660462 
79.513142 
79.572208 
79.493012 
79.554365 
79.594526 
79.541842 
79.439407 
79.554161 
79.439719 
79.376579 
79.404619 
79.532566 
79.657330 
79.546563 
79.473251 
79.387995 
79.435893 
79.376855 
79.493537 
79.443193 
79.554941 
79.681116 
79.570588 
79.656358 
79.882541 
79.973188 
79.762744 
79.910203 
80.120256 
80.406931 
80.079762 
80.325514 
80.556419 
80.823232 
81.135663 
81.562525 
81.706211 
81.185907 
81.416781 
81.558136 
81.827818 
82.071802 
82.367604 
82.933972 
82.412791 
82.751522 
82.200345 
82.906926 
83.136976 
83.711185 
83.015823 
83.407948 
83.954588 
84.222480 
84.661115 
84.001786 
83.195698 
82.564961 
83.103089 
83.398728 
83.582630 
83.698621 
82.914689 
83.106820 
83.294171 
83.864254 
84.145423 
84.676065 
85.203407 
85.500498 
84.717678 
85.005007 
84.801102 
83.936744 
83.209241 
82.520009 
82.756357 
82.109519 
81.533338 
81.992201 
81.421045 
81.063289 
81.531513 
81.898016 
81.279001 
80.909676 
80.440715 
80.168181 
79.790320 
79.498830 
79.241787 
79.422404 
79.646061 
79.395299 
79.587305 
79.785941 
79.483403 
79.599089 
79.325838 
79.615612 
79.862386 
80.126435 
80.297771 
80.737615 
80.347932 
80.825555 
80.904002 
80.373103 
80.026556 
80.266440 
79.845716 
79.558741 
79.507550 
79.280921 
79.032888 
79.072916 
79.280584 
79.019377 
79.138476 
79.234130 
79.021620 
79.292403 
79.358298 
79.704883 
80.021901 
79.623084 
79.397345 
79.493294 
79.173116 
79.445581 
79.719743 
79.433271 
79.232140 
79.380678 
79.100353 
78.915679 
79.010811 
79.196102 
79.522612 
79.755574 
79.950507 
79.547838 
79.719795 
79.574620 
79.236449 
79.032963 
78.917680 
78.845487 
78.747740 
78.615793 
78.523183 
78.505256 
78.498694 
78.502487 
78.506185 
78.491223 
78.502758 
78.571755 
78.590680 
78.543845 
78.465623 
78.555596 
78.594327 
78.714183 
78.823872 
78.648652 
78.762393 
78.590161 
78.749597 
78.605664 
78.677588 
78.525406 
78.584512 
78.743639 
78.957739 
79.209189 
78.931065 
79.079825 
78.793538 
79.033456 
79.165478 
79.313821 
79.016125 
79.052468 
79.210363 
79.010127 
79.076375 
78.815391 
79.017651 
79.180949 
79.274446 
78.957057 
78.666580 
78.530310 
78.402467 
78.474283 
78.349613 
78.286779 
78.449186 
78.376675 
78.280785 
78.346591 
78.452430 
78.331940 
78.241622 
78.345028 
78.260093 
78.386457 
78.284131 
78.344527 
78.582713 
78.400938 
78.485953 
78.571109 
78.794199 
79.067072 
78.744274 
78.867356 
79.192662 
79.483367 
79.244086 
79.397467 
79.895005 
79.691457 
79.243087 
79.479122 
79.657416 
79.264176 
79.435093 
79.799126 
79.975215 
79.525463 
79.707092 
79.276557 
78.887453 
79.064655 
79.291184 
79.442249 
79.045046 
79.221464 
78.961694 
78.746463 
78.468849 
78.296873 
78.164960 
78.274775 
78.447067 
78.706736 
78.560150 
78.673968 
78.829004 
78.542286 
78.288769 
78.113537 
78.218426 
78.352048 
78.244905 
78.052527 
77.928831 
77.859259 
77.876687 
78.005520 
78.241305 
78.067331 
77.917118 
78.078966 
78.307203 
78.058623 
77.899719 
78.010495 
78.122303 
78.295398 
78.526598 
78.724853 
78.381842 
78.507574 
78.218930 
78.445840 
78.797296 
79.117182 
78.729943 
78.649653 
78.330683 
78.079442 
77.894913 
78.065908 
78.208422 
78.008914 
77.834319 
77.761490 
77.659097 
77.607188 
77.580820 
77.600143 
77.681502 
77.837436 
77.688745 
77.628913 
77.585900 
77.573966 
77.556329 
77.566589 
77.595444 
77.528444 
77.519391 
77.510534 
77.535964 
77.494859 
77.575024 
77.632020 
77.757100 
77.604189 
77.725642 
77.585923 
77.718886 
77.654822 
77.779129 
77.636269 
77.600610 
77.544664 
77.580551 
77.713679 
77.843675 
77.662317 
77.599168 
77.719973 
77.759988 
77.860348 
77.706842 
77.582750 
77.499880 
77.626719 
77.582368 
77.652651 
77.828870 
78.035608 
78.240967 
78.075637 
78.200300 
77.975719 
78.133052 
78.326623 
78.722390 
79.001157 
78.695003 
79.092713 
79.340831 
79.527785 
79.298765 
79.503078 
79.625627 
79.088047 
79.244564 
79.586621 
79.655073 
79.250423 
79.507726 
79.984636 
80.085953 
79.596687 
79.737999 
80.108671 
79.525700 
79.665990 
79.243493 
78.940351 
79.173903 
78.770681 
79.265794 
78.762840 
78.343827 
78.536493 
78.212363 
78.427333 
78.695863 
78.436977 
78.090412 
78.328671 
78.709031 
78.290848 
77.931191 
78.255414 
78.548000 
78.675297 
78.338168 
78.507024 
78.191454 
77.849751 
77.976972 
78.043770 
78.403779 
78.078096 
77.756646 
77.511640 
77.543581 
77.661870 
77.510367 
77.414591 
77.264352 
77.309029 
77.212455 
77.097332 
77.075453 
77.083843 
77.098449 
77.175257 
77.307073 
77.176672 
77.221270 
77.399598 
77.607954 
77.458893 
77.732503 
77.974624 
77.837813 
78.110265 
77.795376 
77.532207 
77.656629 
77.704378 
77.542963 
77.684109 
77.893000 
77.663565 
77.468031 
77.558505 
77.632555 
77.821481 
77.918157 
77.718014 
77.987618 
78.139498 
77.914003 
77.598907 
77.694913 
77.843155 
77.535638 
77.366837 
77.220991 
77.160205 
77.272252 
77.322342 
77.417797 
77.461904 
77.719368 
78.077926 
78.511725 
78.176659 
78.343600 
78.501022 
78.236281 
78.634630 
79.029053 
78.545562 
78.389156 
78.626872 
78.361526 
77.992758 
78.415259 
78.859804 
78.475945 
78.098353 
78.261883 
78.701210 
78.888929 
79.252602 
79.864944 
80.103075 
80.612166 
79.991228 
80.322327 
80.522754 
79.847413 
79.390830 
79.668736 
79.863465 
80.251453 
80.524820 
80.003755 
80.587470 
79.915868 
79.993132 
79.403258 
78.931079 
79.457020 
80.068784 
80.774052 
80.976982 
81.636025 
80.836473 
80.985627 
81.269733 
80.531173 
80.816561 
80.127065 
79.580691 
79.921243 
79.322688 
78.889721 
78.409111 
78.212412 
77.802525 
77.993497 
77.608182 
77.730583 
77.388319 
77.652839 
77.859740 
78.035730 
77.777375 
77.436968 
77.574174 
77.409519 
77.601879 
77.370903 
77.573530 
77.976743 
77.583244 
77.254612 
77.074904 
77.179203 
77.007511 
76.857667 
77.025654 
76.901534 
76.708160 
76.880563 
76.720719 
76.594475 
76.700335 
76.837433 
76.941510 
77.207374 
77.405318 
77.658354 
78.011117 
77.722163 
77.408150 
77.776999 
77.388747 
77.084756 
76.975462 
77.105658 
77.225405 
77.275086 
76.990421 
77.251896 
77.617303 
77.260209 
77.483022 
77.125346 
77.368233 
77.507423 
77.737214 
77.932571 
77.669194 
77.405664 
77.862347 
77.997309 
78.233230 
77.831833 
77.492098 
77.743484 
77.428465 
77.649056 
77.839192 
78.193607 
78.401143 
78.523240 
78.294463 
77.804953 
77.914865 
78.016401 
77.600816 
77.254974 
77.508628 
77.722261 
78.031674 
78.202149 
77.873695 
77.446527 
77.115942 
76.871679 
76.625090 
76.444595 
76.616188 
76.710675 
76.563427 
76.361910 
76.237643 
76.278857 
76.198127 
76.232028 
76.316215 
76.436824 
76.323417 
76.224581 
76.366919 
76.312082 
76.384263 
76.261682 
76.271639 
76.158079 
76.201871 
76.258041 
76.461498 
76.728118 
76.989302 
76.755720 
76.537088 
76.621308 
76.787218 
76.578381 
76.361438 
76.248172 
76.462358 
76.645896 
76.413012 
76.620167 
76.375603 
76.509145 
76.286816 
76.150743 
76.182524 
76.326178 
76.511144 
76.382725 
76.495637 
76.696707 
76.900252 
77.088812 
76.769109 
77.169058 
77.524426 
77.132539 
76.839596 
77.016110 
76.680892 
76.914078 
77.059442 
77.184035 
77.338528 
77.391732 
77.659855 
77.224816 
77.659274 
77.394765 
76.989881 
77.170233 
76.784805 
76.464347 
76.664123 
76.447091 
76.275467 
76.530446 
76.547913 
76.334051 
76.151867 
75.982214 
76.174848 
76.300910 
76.103776 
76.242199 
76.079620 
76.274341 
76.225455 
76.032342 
76.233848 
76.351006 
76.657031 
76.856684 
76.512699 
76.402626 
76.177651 
76.273686 
76.484233 
76.373076 
76.583675 
76.732439 
76.412020 
76.261542 
76.475338 
76.790543 
77.190152 
77.006705 
76.638888 
76.386313 
76.122707 
75.971604 
75.889632 
75.993409 
76.049211 
75.874915 
75.738018 
75.857089 
75.954645 
75.868676 
75.968533 
75.850263 
75.749262 
75.824450 
75.861171 
75.719061 
75.635448 
75.674026 
75.736176 
75.909378 
75.760192 
75.719629 
75.759245 
75.865069 
76.024807 
75.821592 
75.852899 
76.064407 
75.845274 
76.036633 
75.833620 
75.664237 
75.728193 
75.943813 
76.073469 
75.859909 
75.991405 
75.766320 
75.867520 
76.086747 
75.958334 
75.748939 
75.626915 
75.669535 
75.716869 
75.928912 
75.782560 
75.955636 
75.755893 
75.922551 
76.016744 
76.113494 
75.934148 
75.810303 
75.873927 
75.737581 
76.005199 
75.887963 
75.681577 
75.951907 
76.221160 
76.027081 
76.152678 
76.314470 
75.999090 
75.750441 
75.863610 
75.953403 
75.722786 
75.862213 
75.674562 
75.772824 
75.680189 
75.500192 
75.396556 
75.320659 
75.354988 
75.308468 
75.349299 
75.307883 
75.370530 
75.453538 
75.531489 
75.412994 
75.442185 
75.320090 
75.377726 
75.395909 
75.306739 
75.251397 
75.247554 
75.243666 
75.294045 
75.250821 
75.257005 
75.358976 
75.429106 
75.526443 
75.365173 
75.418008 
75.299818 
75.261924 
75.284392 
75.213633 
75.241081 
75.185553 
75.157769 
75.188203 
75.219372 
75.182878 
75.151747 
75.130019 
75.124988 
75.181788 
75.211777 
75.341329 
75.189710 
75.116365 
75.111843 
75.177877 
75.277451 
75.181498 
75.248899 
75.334683 
75.558494 
75.339520 
75.193602 
75.135596 
75.203519 
75.139840 
75.208902 
75.368422 
75.253200 
75.206449 
75.173553 
75.228014 
75.370630 
75.508749 
75.633065 
75.425860 
75.495091 
75.316037 
75.388729 
75.577273 
75.377367 
75.615712 
75.848286 
75.907087 
75.690236 
75.976097 
76.228776 
76.437074 
76.081696 
75.836316 
75.954802 
76.183220 
76.501392 
76.701862 
76.861518 
76.582540 
76.643961 
76.841353 
76.658116 
76.495523 
76.596567 
76.326255 
76.504602 
76.670323 
76.370821 
76.170730 
75.806880 
75.517387 
75.319207 
75.392983 
75.489109 
75.779427 
75.497476 
75.703307 
75.917490 
75.748260 
75.808936 
75.571178 
75.795460 
75.522307 
75.325268 
75.141116 
75.241176 
75.147993 
75.261248 
75.492622 
75.240723 
75.126167 
75.369588 
75.139638 
75.368330 
75.132557 
74.987406 
75.025393 
74.911432 
74.944858 
75.025613 
74.899798 
74.826943 
74.874368 
74.826881 
74.786910 
74.808159 
74.797595 
74.823601 
74.856639 
74.802348 
74.893579 
74.949487 
75.067665 
75.138469 
75.043287 
75.145209 
74.986659 
75.016333 
74.866185 
74.797037 
74.750169 
74.746455 
74.730389 
74.747472 
74.749433 
74.866972 
74.780148 
74.818501 
74.760140 
74.739946 
74.721679 
74.726019 
74.712648 
74.700346 
74.692189 
74.699478 
74.786894 
74.849336 
74.748919 
74.874388 
74.754277 
74.667283 
74.766464 
74.680921 
74.665308 
74.660562 
74.666927 
74.665584 
74.665413 
74.695592 
74.773013 
74.672530 
74.641111 
74.668672 
74.637965 
74.670575 
74.771417 
74.967884 
74.791966 
74.973250 
75.231741 
74.985774 
75.199903 
74.982860 
74.806583 
74.686839 
74.610935 
74.672724 
74.686527 
74.603395 
74.731010 
74.639955 
74.601750 
74.637684 
74.673260 
74.832297 
75.012766 
74.980932 
75.184798 
75.294458 
75.042548 
75.204042 
75.415022 
75.579432 
76.011123 
76.319113 
76.504228 
76.204918 
76.702106 
76.777874 
76.322189 
75.932865 
75.579942 
75.823762 
75.603536 
75.388208 
75.725901 
75.377253 
75.422145 
75.176492 
74.922517 
75.046557 
74.938806 
74.760104 
74.621173 
74.543233 
74.514219 
74.541190 
74.522854 
74.657032 
74.687336 
74.582974 
74.492179 
74.579212 
74.487331 
74.445132 
74.462464 
74.426939 
74.396336 
74.399252 
74.393326 
74.453229 
74.421374 
74.376251 
74.368271 
74.359020 
74.364487 
74.378857 
74.496167 
74.422381 
74.544847 
74.627474 
74.830391 
74.634645 
74.545302 
74.513747 
74.410463 
74.373842 
74.364804 
74.391924 
74.451729 
74.506320 
74.419838 
74.387334 
74.332984 
74.377300 
74.473810 
74.401165 
74.526885 
74.577784 
74.519567 
74.595250 
74.830553 
75.132503 
74.924279 
74.741556 
74.543417 
74.394028 
74.304810 
74.336345 
74.294762 
74.281603 
74.316455 
74.279976 
74.264882 
74.294019 
74.272731 
74.277317 
74.252197 
74.298180 
74.349421 
74.316720 
74.273018 
74.212058 
74.241688 
74.315133 
74.463040 
74.418756 
74.494141 
74.550094 
74.645463 
74.557120 
74.814366 
75.108570 
75.313668 
75.375078 
75.083785 
74.849596 
75.193015 
74.844083 
74.936298 
74.661721 
74.522091 
74.621296 
74.911919 
75.119468 
75.026586 
75.182822 
75.291103 
75.430245 
75.527577 
75.833383 
75.376220 
75.151072 
75.065542 
74.785934 
74.874371 
74.570525 
74.498738 
74.657001 
74.985153 
74.657909 
74.502844 
74.617153 
74.787739 
74.477143 
74.392567 
74.554500 
74.431373 
74.235760 
74.355505 
74.506318 
74.423847 
74.341730 
74.159735 
74.046333 
74.071887 
74.007287 
74.061965 
74.103988 
73.999179 
73.940889 
73.911321 
73.929260 
73.944859 
73.925248 
73.891607 
73.905632 
73.933596 
73.895245 
73.878135 
73.889044 
73.880323 
73.929295 
73.889475 
73.889752 
73.883374 
73.887284 
