39.000000 
47.750000 
44.500000 
54.000000 
54.250000 
59.250000 
59.500000 
62.000000 
62.750000 
66.500000 
63.750000 
67.750000 
64.750000 
69.250000 
66.000000 
68.750000 
66.500000 
68.250000 
67.750000 
69.500000 
68.250000 
71.750000 
69.250000 
73.000000 
70.250000 
72.500000 
72.250000 
73.250000 
72.250000 
73.500000 
73.250000 
73.000000 
73.750000 
73.500000 
74.000000 
73.750000 
74.750000 
74.250000 
74.500000 
75.250000 
75.250000 
75.500000 
75.500000 
75.500000 
76.250000 
75.500000 
75.750000 
75.500000 
75.750000 
75.750000 
75.750000 
75.500000 
75.750000 
75.500000 
76.500000 
76.250000 
76.500000 
76.250000 
76.500000 
76.250000 
76.500000 
76.250000 
76.500000 
76.500000 
76.500000 
76.750000 
76.750000 
76.750000 
77.000000 
77.000000 
77.000000 
76.750000 
76.500000 
76.500000 
77.250000 
77.250000 
77.000000 
77.500000 
77.500000 
77.500000 
77.500000 
77.500000 
77.750000 
77.750000 
77.750000 
77.750000 
77.750000 
77.750000 
77.750000 
78.000000 
78.000000 
78.000000 
78.250000 
78.250000 
78.500000 
78.500000 
78.500000 
78.750000 
78.750000 
78.750000 
79.000000 
79.000000 
79.000000 
79.000000 
79.000000 
79.000000 
79.000000 
79.000000 
79.000000 
79.000000 
79.250000 
79.250000 
79.250000 
79.250000 
79.250000 
79.250000 
79.250000 
79.500000 
79.500000 
79.500000 
79.500000 
79.500000 
79.500000 
79.500000 
79.500000 
79.250000 
79.500000 
79.500000 
79.500000 
79.500000 
79.750000 
79.750000 
79.750000 
79.750000 
79.500000 
79.500000 
79.500000 
79.500000 
79.500000 
79.500000 
79.500000 
79.500000 
79.500000 
79.500000 
79.500000 
79.500000 
79.500000 
79.500000 
79.500000 
79.750000 
80.000000 
80.000000 
80.250000 
80.500000 
80.500000 
80.500000 
80.500000 
80.750000 
80.750000 
80.750000 
80.750000 
80.750000 
80.750000 
80.750000 
80.750000 
81.000000 
81.000000 
81.000000 
81.000000 
81.000000 
81.000000 
81.000000 
81.000000 
81.000000 
81.000000 
81.250000 
81.250000 
81.250000 
81.250000 
81.250000 
81.250000 
81.250000 
81.500000 
81.500000 
81.500000 
81.500000 
81.500000 
81.500000 
81.500000 
81.500000 
81.500000 
81.500000 
81.500000 
81.500000 
81.500000 
81.500000 
81.500000 
81.500000 
81.500000 
81.500000 
81.500000 
81.500000 
81.500000 
81.500000 
81.500000 
81.500000 
81.500000 
81.500000 
81.500000 
81.500000 
81.750000 
81.750000 
81.750000 
81.750000 
81.750000 
81.750000 
81.750000 
82.000000 
82.000000 
82.250000 
82.250000 
82.500000 
82.500000 
82.750000 
82.750000 
83.250000 
83.250000 
83.250000 
83.250000 
83.250000 
83.250000 
83.250000 
83.250000 
83.250000 
83.250000 
83.250000 
83.500000 
83.500000 
83.500000 
83.500000 
83.500000 
83.500000 
83.500000 
83.500000 
83.500000 
83.500000 
83.500000 
83.250000 
83.250000 
83.250000 
83.250000 
83.250000 
83.250000 
83.250000 
83.250000 
83.250000 
83.250000 
83.250000 
83.250000 
83.250000 
83.250000 
83.250000 
83.250000 
83.250000 
83.250000 
83.250000 
83.250000 
83.250000 
83.250000 
83.250000 
83.250000 
83.250000 
83.500000 
83.500000 
83.500000 
83.500000 
83.500000 
83.500000 
83.500000 
83.500000 
83.500000 
83.500000 
83.500000 
83.500000 
83.500000 
83.500000 
83.500000 
83.500000 
83.500000 
83.500000 
83.500000 
83.500000 
83.500000 
83.500000 
83.500000 
83.750000 
83.750000 
83.750000 
83.750000 
83.750000 
83.750000 
83.750000 
83.750000 
83.750000 
83.750000 
84.250000 
84.250000 
84.250000 
84.250000 
84.250000 
84.250000 
84.250000 
84.250000 
84.250000 
84.250000 
84.250000 
84.250000 
84.250000 
84.250000 
84.250000 
84.250000 
84.250000 
84.250000 
84.250000 
84.250000 
84.250000 
84.250000 
84.250000 
84.250000 
84.250000 
84.250000 
84.250000 
84.250000 
84.250000 
84.250000 
84.250000 
84.250000 
84.250000 
84.250000 
84.250000 
84.250000 
84.250000 
84.500000 
84.500000 
84.500000 
84.500000 
84.500000 
84.500000 
84.500000 
84.500000 
84.500000 
84.500000 
84.500000 
84.500000 
84.500000 
84.750000 
84.750000 
84.750000 
84.750000 
84.750000 
84.750000 
84.750000 
84.750000 
84.750000 
84.750000 
84.750000 
84.750000 
84.750000 
84.750000 
84.750000 
84.750000 
84.750000 
84.750000 
84.750000 
84.750000 
84.750000 
84.750000 
84.750000 
85.000000 
85.000000 
85.250000 
85.250000 
85.250000 
85.250000 
85.250000 
85.250000 
85.250000 
85.250000 
85.250000 
85.250000 
85.250000 
85.250000 
85.250000 
85.250000 
85.250000 
85.250000 
85.250000 
85.250000 
85.250000 
85.250000 
85.250000 
85.250000 
85.250000 
85.250000 
85.250000 
85.250000 
85.250000 
85.250000 
85.250000 
85.250000 
85.250000 
85.250000 
85.250000 
85.250000 
85.250000 
85.250000 
85.250000 
85.250000 
85.250000 
85.250000 
85.250000 
85.250000 
85.250000 
85.250000 
85.250000 
85.250000 
85.250000 
85.250000 
85.250000 
85.250000 
85.250000 
85.250000 
85.250000 
85.250000 
85.250000 
85.250000 
85.500000 
85.500000 
85.750000 
85.750000 
85.750000 
85.750000 
85.750000 
85.750000 
85.750000 
85.750000 
85.500000 
85.500000 
85.500000 
85.750000 
85.750000 
85.750000 
85.750000 
85.750000 
85.750000 
85.750000 
85.750000 
85.750000 
86.250000 
86.250000 
86.250000 
86.250000 
86.250000 
86.250000 
86.250000 
86.250000 
86.250000 
86.250000 
86.250000 
86.250000 
86.250000 
86.250000 
86.250000 
86.500000 
86.500000 
86.500000 
86.500000 
86.500000 
86.500000 
86.500000 
86.500000 
86.500000 
86.500000 
86.500000 
86.500000 
86.500000 
86.500000 
86.500000 
86.500000 
86.500000 
86.500000 
86.500000 
86.500000 
86.500000 
86.500000 
86.500000 
86.500000 
86.500000 
86.500000 
86.500000 
86.500000 
86.500000 
86.500000 
86.500000 
86.500000 
86.500000 
86.500000 
86.500000 
86.500000 
86.500000 
86.500000 
86.500000 
86.500000 
86.500000 
86.500000 
86.500000 
86.500000 
86.500000 
86.500000 
86.500000 
86.500000 
86.500000 
86.500000 
86.500000 
86.500000 
86.500000 
86.500000 
86.500000 
86.500000 
86.500000 
86.500000 
86.500000 
86.500000 
86.500000 
86.500000 
86.500000 
86.500000 
86.500000 
86.500000 
86.500000 
86.500000 
86.500000 
86.500000 
86.500000 
86.500000 
86.500000 
86.500000 
86.500000 
86.500000 
86.500000 
86.500000 
86.500000 
86.500000 
86.500000 
86.500000 
86.500000 
86.500000 
86.500000 
86.500000 
86.500000 
86.500000 
86.500000 
86.500000 
86.500000 
86.500000 
86.500000 
86.500000 
86.500000 
86.500000 
86.500000 
86.500000 
86.500000 
86.500000 
86.500000 
86.500000 
86.500000 
86.500000 
86.500000 
86.500000 
86.500000 
86.500000 
86.500000 
86.500000 
86.500000 
86.500000 
86.500000 
86.500000 
86.500000 
86.500000 
86.500000 
86.500000 
86.500000 
86.500000 
86.500000 
86.500000 
86.500000 
86.500000 
86.500000 
86.500000 
86.500000 
86.500000 
86.500000 
86.500000 
86.500000 
86.500000 
86.500000 
86.500000 
86.500000 
86.500000 
86.500000 
86.500000 
86.500000 
86.500000 
86.500000 
86.500000 
86.500000 
86.500000 
86.500000 
86.500000 
86.500000 
86.500000 
86.500000 
86.500000 
86.500000 
86.500000 
86.500000 
86.500000 
86.500000 
86.500000 
86.500000 
86.500000 
86.500000 
86.500000 
86.500000 
86.500000 
86.500000 
86.500000 
86.500000 
86.500000 
86.500000 
86.500000 
86.500000 
86.500000 
86.500000 
86.500000 
86.500000 
86.500000 
86.500000 
86.500000 
86.500000 
86.500000 
86.500000 
86.750000 
86.750000 
86.750000 
86.750000 
86.750000 
86.750000 
86.750000 
86.750000 
86.750000 
86.750000 
86.750000 
86.750000 
86.750000 
86.750000 
86.750000 
86.750000 
86.750000 
86.750000 
86.750000 
86.750000 
86.750000 
86.750000 
86.750000 
86.750000 
86.750000 
86.750000 
86.750000 
86.750000 
86.750000 
86.750000 
86.750000 
86.750000 
86.750000 
86.750000 
86.750000 
86.750000 
86.750000 
86.750000 
86.750000 
86.750000 
86.750000 
86.750000 
86.750000 
86.750000 
86.750000 
86.750000 
86.750000 
86.750000 
86.750000 
87.000000 
87.000000 
87.000000 
87.000000 
87.000000 
87.000000 
87.000000 
87.250000 
87.250000 
87.250000 
87.250000 
87.250000 
87.250000 
87.250000 
87.250000 
87.250000 
87.250000 
87.250000 
87.250000 
87.250000 
87.250000 
87.250000 
87.250000 
87.250000 
87.250000 
87.250000 
87.250000 
87.500000 
87.500000 
87.500000 
87.500000 
87.500000 
87.500000 
87.500000 
87.500000 
87.500000 
87.500000 
87.500000 
87.500000 
87.500000 
87.500000 
87.500000 
87.500000 
87.500000 
87.500000 
87.500000 
87.750000 
87.750000 
87.750000 
87.750000 
87.750000 
87.750000 
88.000000 
88.000000 
88.000000 
88.000000 
88.000000 
88.000000 
88.000000 
88.000000 
88.000000 
88.000000 
88.000000 
88.000000 
88.000000 
88.000000 
88.000000 
88.000000 
88.000000 
88.000000 
88.000000 
88.000000 
88.000000 
88.000000 
88.250000 
88.250000 
88.250000 
88.250000 
88.250000 
88.250000 
88.250000 
88.250000 
88.250000 
88.250000 
88.250000 
88.250000 
88.250000 
88.250000 
88.250000 
88.250000 
88.250000 
88.250000 
88.250000 
88.250000 
88.250000 
88.250000 
88.250000 
88.250000 
88.250000 
88.250000 
88.250000 
88.250000 
88.250000 
88.250000 
88.250000 
88.250000 
88.250000 
88.250000 
88.250000 
88.250000 
88.250000 
88.250000 
88.250000 
88.250000 
88.250000 
88.250000 
88.250000 
88.250000 
88.250000 
88.250000 
88.250000 
88.500000 
88.500000 
88.500000 
88.750000 
88.750000 
88.750000 
88.750000 
88.750000 
88.750000 
88.750000 
88.750000 
88.750000 
88.750000 
88.750000 
88.750000 
88.750000 
88.750000 
88.750000 
88.750000 
88.750000 
88.750000 
88.750000 
88.750000 
88.750000 
88.750000 
88.750000 
88.750000 
88.750000 
88.750000 
88.750000 
88.750000 
88.750000 
88.750000 
88.750000 
88.750000 
88.750000 
88.750000 
88.750000 
88.750000 
88.750000 
88.750000 
88.750000 
88.750000 
88.750000 
88.750000 
88.750000 
88.750000 
88.750000 
88.750000 
88.750000 
88.750000 
88.750000 
88.750000 
88.750000 
88.750000 
88.750000 
88.750000 
88.750000 
88.750000 
88.750000 
88.750000 
88.750000 
88.750000 
88.750000 
88.750000 
88.750000 
88.750000 
88.750000 
88.750000 
88.750000 
88.750000 
88.750000 
88.750000 
88.750000 
88.750000 
88.750000 
88.750000 
88.750000 
88.750000 
88.750000 
88.750000 
88.750000 
88.750000 
88.750000 
88.750000 
88.750000 
88.750000 
88.750000 
88.750000 
88.750000 
88.750000 
88.750000 
89.000000 
89.000000 
89.000000 
89.000000 
89.000000 
89.000000 
89.000000 
89.000000 
89.000000 
89.000000 
89.000000 
89.000000 
89.000000 
89.000000 
89.000000 
89.000000 
89.000000 
89.000000 
89.000000 
89.000000 
89.000000 
89.000000 
89.000000 
89.000000 
89.000000 
89.000000 
89.000000 
89.000000 
89.000000 
89.000000 
89.000000 
89.000000 
89.000000 
89.000000 
89.000000 
89.000000 
89.000000 
89.000000 
89.000000 
89.000000 
89.000000 
89.000000 
89.000000 
89.000000 
89.000000 
89.000000 
89.000000 
89.000000 
89.000000 
89.000000 
89.000000 
89.000000 
89.000000 
89.000000 
89.000000 
89.000000 
89.000000 
89.000000 
89.000000 
89.000000 
89.000000 
89.000000 
89.000000 
89.000000 
89.000000 
89.000000 
89.000000 
89.000000 
89.000000 
89.000000 
89.000000 
89.000000 
89.000000 
89.000000 
89.000000 
89.000000 
89.000000 
89.000000 
89.000000 
89.000000 
89.000000 
89.000000 
89.000000 
89.000000 
89.000000 
89.000000 
89.000000 
89.000000 
89.000000 
89.000000 
89.000000 
89.000000 
89.000000 
89.000000 
89.000000 
89.000000 
89.000000 
89.000000 
89.000000 
89.000000 
89.000000 
89.000000 
89.000000 
89.000000 
89.000000 
89.000000 
89.000000 
89.000000 
89.000000 
89.000000 
89.000000 
89.000000 
89.000000 
89.000000 
89.000000 
89.000000 
89.000000 
89.000000 
88.750000 
88.750000 
88.750000 
88.750000 
88.750000 
88.750000 
88.750000 
88.750000 
88.750000 
88.750000 
88.750000 
88.750000 
88.750000 
88.750000 
88.750000 
88.750000 
88.750000 
88.750000 
88.750000 
88.750000 
88.750000 
88.750000 
88.750000 
88.750000 
88.750000 
88.750000 
88.750000 
88.750000 
88.750000 
88.750000 
88.750000 
88.750000 
88.750000 
88.750000 
88.750000 
88.750000 
88.750000 
88.750000 
88.750000 
88.750000 
88.750000 
88.750000 
88.750000 
88.750000 
88.750000 
88.750000 
88.750000 
88.750000 
88.750000 
88.750000 
88.750000 
88.750000 
88.750000 
88.750000 
88.750000 
88.750000 
88.750000 
88.750000 
88.750000 
88.750000 
88.750000 
88.750000 
88.750000 
88.750000 
88.750000 
88.750000 
88.750000 
88.750000 
88.750000 
88.750000 
88.750000 
88.750000 
88.750000 
88.750000 
88.750000 
88.750000 
88.750000 
88.750000 
88.750000 
88.750000 
88.750000 
88.750000 
88.750000 
88.750000 
88.750000 
88.750000 
88.750000 
88.750000 
88.750000 
88.750000 
89.000000 
89.000000 
89.000000 
89.000000 
89.250000 
89.250000 
89.250000 
89.250000 
89.250000 
89.250000 
89.250000 
89.250000 
89.250000 
89.250000 
89.250000 
89.250000 
89.250000 
89.250000 
89.250000 
89.250000 
89.250000 
89.250000 
89.250000 
89.250000 
89.250000 
89.250000 
89.250000 
89.250000 
89.250000 
89.250000 
89.250000 
89.250000 
89.250000 
89.250000 
89.250000 
89.250000 
89.250000 
89.250000 
89.250000 
89.250000 
89.250000 
89.250000 
89.250000 
89.250000 
89.250000 
89.250000 
89.250000 
89.250000 
89.500000 
89.500000 
89.500000 
89.500000 
89.500000 
89.500000 
89.500000 
89.500000 
89.500000 
89.500000 
89.500000 
89.500000 
89.500000 
89.500000 
89.500000 
89.500000 
89.500000 
89.500000 
89.500000 
89.500000 
89.500000 
89.500000 
89.500000 
89.500000 
89.500000 
89.500000 
89.500000 
89.500000 
89.500000 
89.500000 
89.500000 
89.500000 
89.500000 
89.500000 
89.500000 
89.500000 
89.500000 
89.500000 
89.250000 
89.250000 
89.250000 
89.250000 
89.250000 
89.250000 
89.250000 
89.250000 
89.250000 
89.250000 
89.250000 
89.250000 
89.250000 
89.250000 
89.250000 
89.250000 
89.250000 
89.250000 
89.250000 
89.250000 
89.250000 
89.250000 
89.250000 
89.250000 
89.250000 
89.250000 
89.250000 
89.250000 
89.250000 
89.250000 
89.000000 
89.000000 
89.000000 
89.000000 
89.000000 
89.000000 
89.000000 
89.000000 
89.000000 
89.000000 
89.000000 
89.000000 
89.000000 
89.000000 
89.000000 
89.000000 
89.000000 
89.000000 
89.000000 
89.000000 
89.000000 
89.000000 
89.000000 
89.000000 
89.000000 
89.000000 
89.000000 
89.000000 
89.000000 
89.000000 
89.000000 
89.000000 
89.000000 
89.000000 
89.000000 
89.000000 
89.000000 
89.000000 
89.000000 
89.000000 
89.000000 
89.000000 
89.000000 
89.000000 
89.000000 
89.000000 
89.000000 
89.000000 
89.000000 
89.000000 
89.000000 
89.000000 
89.000000 
89.000000 
89.000000 
89.000000 
89.000000 
89.000000 
89.000000 
89.000000 
89.000000 
89.000000 
89.000000 
89.000000 
89.000000 
89.000000 
89.000000 
89.000000 
89.000000 
89.000000 
89.000000 
89.000000 
89.000000 
89.000000 
89.000000 
89.000000 
89.000000 
89.000000 
89.000000 
89.000000 
89.000000 
89.000000 
89.000000 
89.000000 
89.000000 
89.000000 
89.000000 
89.000000 
89.000000 
89.000000 
89.000000 
89.000000 
89.000000 
89.000000 
89.000000 
89.000000 
89.000000 
89.000000 
89.000000 
89.000000 
89.000000 
89.000000 
89.000000 
89.250000 
89.250000 
89.250000 
89.250000 
89.250000 
89.250000 
89.250000 
89.250000 
89.250000 
89.250000 
89.250000 
89.250000 
89.250000 
89.250000 
89.250000 
89.250000 
89.250000 
89.250000 
89.250000 
89.250000 
89.250000 
89.250000 
89.250000 
89.250000 
89.250000 
89.250000 
89.250000 
89.250000 
89.250000 
89.250000 
89.250000 
89.250000 
89.250000 
89.250000 
89.250000 
89.250000 
89.250000 
89.250000 
89.250000 
89.250000 
89.250000 
89.250000 
89.250000 
89.250000 
89.250000 
89.250000 
89.250000 
89.250000 
89.250000 
89.250000 
89.250000 
89.250000 
89.250000 
89.250000 
89.250000 
89.250000 
89.250000 
89.250000 
89.250000 
89.250000 
89.250000 
89.250000 
89.250000 
89.250000 
89.250000 
89.250000 
89.250000 
89.250000 
89.250000 
89.250000 
89.250000 
89.250000 
89.500000 
89.500000 
89.500000 
89.500000 
89.500000 
89.500000 
89.500000 
89.500000 
89.500000 
89.500000 
89.500000 
89.500000 
89.500000 
89.500000 
89.500000 
89.500000 
89.500000 
89.500000 
89.500000 
89.500000 
89.500000 
89.500000 
89.500000 
89.500000 
89.500000 
89.500000 
89.500000 
89.500000 
89.500000 
89.500000 
89.500000 
89.500000 
89.500000 
89.500000 
89.500000 
89.500000 
89.500000 
89.500000 
89.500000 
89.500000 
89.500000 
89.500000 
89.500000 
89.500000 
89.500000 
89.500000 
89.500000 
89.500000 
89.500000 
89.500000 
89.500000 
89.500000 
89.500000 
89.500000 
89.500000 
89.500000 
89.500000 
89.500000 
89.500000 
89.500000 
89.500000 
89.500000 
89.500000 
89.500000 
89.500000 
89.500000 
89.500000 
89.500000 
89.500000 
89.500000 
89.500000 
89.500000 
89.500000 
89.500000 
89.500000 
89.500000 
89.500000 
89.500000 
89.500000 
89.500000 
89.750000 
89.750000 
89.750000 
89.750000 
89.750000 
89.750000 
89.750000 
89.750000 
89.750000 
89.750000 
90.000000 
90.000000 
90.000000 
90.000000 
90.000000 
90.000000 
90.000000 
90.000000 
90.000000 
90.000000 
90.000000 
90.000000 
90.000000 
90.000000 
90.000000 
90.000000 
90.000000 
90.000000 
90.000000 
90.000000 
90.000000 
90.000000 
90.000000 
90.000000 
90.000000 
90.000000 
90.000000 
90.000000 
90.000000 
90.000000 
90.000000 
90.000000 
90.000000 
90.000000 
90.000000 
90.000000 
90.000000 
90.000000 
90.000000 
90.000000 
90.250000 
90.250000 
90.250000 
90.250000 
90.250000 
90.250000 
90.250000 
90.250000 
90.250000 
90.250000 
90.250000 
90.250000 
90.250000 
90.250000 
90.250000 
90.250000 
90.250000 
90.250000 
90.250000 
90.250000 
90.250000 
90.250000 
90.250000 
90.250000 
90.250000 
90.250000 
90.250000 
90.250000 
90.250000 
90.250000 
90.250000 
90.250000 
90.250000 
90.250000 
90.250000 
90.250000 
90.250000 
90.250000 
90.250000 
90.250000 
90.250000 
90.250000 
90.250000 
90.250000 
90.250000 
90.250000 
90.250000 
90.250000 
90.250000 
90.250000 
90.250000 
90.250000 
90.250000 
90.250000 
90.250000 
90.250000 
90.250000 
