112.572446 
112.104726 
112.020362 
112.099160 
112.057105 
111.925731 
111.712467 
111.518959 
111.413178 
111.294809 
111.187700 
111.087156 
111.027993 
110.970516 
110.900211 
110.829317 
110.750626 
110.681619 
110.637194 
110.647014 
110.646674 
110.597184 
110.508039 
110.453152 
110.374473 
110.331572 
110.244780 
110.196111 
110.186107 
110.212118 
110.269790 
110.278877 
110.315853 
110.286617 
110.209887 
110.169478 
110.167710 
110.196298 
110.168006 
110.184086 
110.241916 
110.340038 
110.351830 
110.420837 
110.525130 
110.677363 
110.728662 
110.704393 
110.733766 
110.691234 
110.707590 
110.770201 
110.904484 
110.919426 
110.856779 
110.696393 
110.478844 
110.330721 
110.264966 
110.100166 
110.010934 
109.873535 
109.821991 
109.688887 
109.485228 
109.220835 
108.923590 
108.723201 
108.604015 
108.451556 
108.273923 
108.154895 
108.095547 
107.995035 
107.947238 
107.944192 
107.972830 
107.949964 
107.958922 
107.919803 
107.839318 
107.799917 
107.797978 
107.822815 
107.808200 
107.739798 
107.712639 
107.637534 
107.519122 
107.443737 
107.329686 
107.258519 
107.139959 
106.996259 
106.843521 
106.692181 
106.553221 
106.443485 
106.367164 
106.336257 
106.323992 
106.317081 
106.339149 
106.390582 
106.489677 
106.630543 
106.743755 
106.902219 
107.100870 
107.211760 
107.390413 
107.485272 
107.511737 
107.607579 
107.614500 
107.692702 
107.839260 
108.064455 
108.157310 
108.159828 
108.049101 
108.037105 
108.113563 
108.271536 
108.278815 
108.352935 
108.315906 
108.169149 
108.087100 
107.903694 
107.630549 
107.310127 
107.105968 
106.821576 
106.643224 
106.557252 
106.555124 
106.613808 
106.693753 
106.659721 
106.533869 
106.492729 
106.535181 
106.646514 
106.802193 
106.848782 
106.784933 
106.607428 
106.336608 
106.180955 
105.959932 
105.826969 
105.755318 
105.604802 
105.542520 
105.397757 
105.343616 
105.221873 
105.153651 
105.173198 
105.089025 
105.048973 
105.071065 
105.135931 
105.241823 
105.386924 
105.401891 
105.324053 
105.323220 
105.226306 
105.220161 
105.269022 
105.215524 
105.242428 
105.351728 
105.510189 
105.562186 
105.485880 
105.317475 
105.052530 
104.714441 
104.487634 
104.194133 
103.858541 
103.519331 
103.282143 
103.012153 
102.824198 
102.711959 
102.633925 
102.585676 
102.506785 
102.388511 
102.327139 
102.239418 
102.185012 
102.109835 
102.057469 
101.960412 
101.841469 
101.760422 
101.665030 
101.598473 
101.542842 
101.502433 
101.479751 
101.474087 
101.503904 
101.582256 
101.630824 
101.649591 
101.632131 
101.646170 
101.599662 
101.509374 
101.460556 
101.444249 
101.462242 
101.420520 
101.347299 
101.311130 
101.290740 
101.221681 
101.199755 
101.200252 
101.155880 
101.152593 
101.104016 
100.996681 
100.863324 
100.788900 
100.752089 
100.746022 
100.783845 
100.842631 
100.943845 
100.974612 
101.035722 
101.143251 
101.170844 
101.119365 
101.145125 
101.248470 
101.405400 
101.579032 
101.836944 
101.965558 
102.111985 
102.133381 
102.067097 
101.908620 
101.852267 
101.696019 
101.600610 
101.426970 
101.352673 
101.198826 
101.108902 
100.943038 
100.712800 
100.454241 
100.309320 
100.106102 
99.866930 
99.612070 
99.362487 
99.143659 
98.997874 
98.878360 
98.802832 
98.745788 
98.718638 
98.740162 
98.807554 
98.934106 
99.049010 
99.208632 
99.408589 
99.651840 
99.965378 
100.338336 
100.769975 
101.256688 
101.824330 
102.427028 
102.875534 
103.158423 
103.497975 
103.905422 
104.137817 
104.412345 
104.735013 
105.136857 
105.569832 
105.791391 
106.112289 
106.535779 
107.008141 
107.254532 
107.561022 
107.661218 
107.798527 
108.046232 
108.076009 
108.240847 
108.486424 
108.820013 
109.235475 
109.397021 
109.626661 
109.615975 
109.398953 
109.334617 
109.372856 
109.188500 
109.164847 
108.924448 
108.521838 
107.982151 
107.618377 
107.381342 
107.301108 
107.035039 
106.881881 
106.871662 
106.659647 
106.278581 
106.051939 
105.927998 
105.936108 
105.750137 
105.416123 
104.941002 
104.642115 
104.451452 
104.104250 
103.627378 
103.286361 
102.811740 
102.248291 
101.644676 
100.985495 
100.295949 
99.599720 
99.111092 
98.791322 
98.573874 
98.295584 
97.985383 
97.797266 
97.670910 
97.500738 
97.300617 
97.168833 
97.082394 
97.041040 
96.969602 
96.859800 
96.796109 
96.758200 
96.687519 
96.591832 
96.495352 
96.411554 
96.364597 
96.316894 
96.281995 
96.246932 
96.203125 
96.161257 
96.122780 
96.088993 
96.063274 
96.052214 
96.038158 
95.997656 
95.949512 
95.916811 
95.874850 
95.850548 
95.848207 
95.858965 
95.828392 
95.771245 
95.731915 
95.667161 
95.582748 
95.521265 
95.492968 
95.433710 
95.350411 
95.266608 
95.179283 
95.118500 
95.085979 
95.081204 
95.074281 
95.080915 
95.110833 
95.123819 
95.161672 
95.175591 
95.147514 
95.138145 
95.169257 
95.163890 
95.193280 
95.267446 
95.360832 
95.409136 
95.508569 
95.657648 
95.872693 
96.155495 
96.495269 
96.927487 
97.237614 
97.626271 
97.865462 
97.958574 
98.099287 
98.085567 
98.145195 
98.286401 
98.478496 
98.529567 
98.626653 
98.776994 
98.812021 
98.681702 
98.404482 
98.221230 
98.105956 
98.089073 
97.923972 
97.829297 
97.869405 
97.788482 
97.777239 
97.616307 
97.320522 
96.931298 
96.468119 
96.152915 
95.767761 
95.519884 
95.196466 
94.977041 
94.681187 
94.338609 
93.989311 
93.648793 
93.428101 
93.187522 
93.040562 
92.872903 
92.709649 
92.603884 
92.499389 
92.411960 
92.353574 
92.338517 
92.386104 
92.519673 
92.754818 
92.978671 
93.271313 
93.503224 
93.649275 
93.690663 
93.806356 
93.954587 
93.993446 
94.119183 
94.300346 
94.591218 
94.766420 
95.033759 
95.344224 
95.722850 
95.946290 
96.245861 
96.382055 
96.666229 
97.068967 
97.287153 
97.325906 
97.194467 
97.173203 
96.993217 
96.682146 
96.263746 
95.754532 
95.395706 
95.140513 
94.795847 
94.391201 
94.100627 
93.924439 
93.667825 
93.337789 
92.985031 
92.593405 
92.317589 
92.134366 
92.039222 
91.905804 
91.739193 
91.542790 
91.346995 
91.149702 
91.030317 
90.958417 
90.872418 
90.806708 
90.758972 
90.719063 
90.687203 
90.648630 
90.600815 
90.555379 
90.518291 
90.490758 
90.452453 
90.407556 
90.355971 
90.313634 
90.266127 
90.234453 
90.197687 
90.155214 
90.119331 
90.094255 
90.079980 
90.053174 
90.045135 
90.021011 
89.985397 
89.967518 
89.928053 
89.910322 
89.881898 
89.875916 
89.851489 
89.836622 
89.832666 
89.850336 
89.839077 
89.859605 
89.901961 
89.904936 
89.867961 
89.866986 
89.833825 
89.839658 
89.806812 
89.735032 
89.633966 
89.529347 
89.423958 
89.357415 
89.316065 
89.293656 
89.291217 
89.308009 
89.309736 
89.291357 
89.248292 
89.190510 
89.129928 
89.073259 
89.025493 
89.000575 
88.970799 
88.937360 
88.899831 
88.863564 
88.837335 
88.813777 
88.790942 
88.778113 
88.782381 
88.817112 
88.900272 
88.972913 
89.006947 
88.991158 
88.933913 
88.831122 
88.783292 
88.707215 
88.619701 
88.568181 
88.493016 
88.431374 
88.396597 
88.382260 
88.398742 
88.387115 
88.402655 
88.457299 
88.559456 
88.700546 
88.787393 
88.813727 
88.782209 
88.816464 
88.895811 
89.033677 
89.211303 
89.445093 
89.590434 
89.628626 
89.581462 
89.586182 
89.675823 
89.791255 
89.968207 
90.176883 
90.265722 
90.247099 
90.156798 
90.137381 
90.231047 
90.219068 
90.259987 
90.204418 
90.282612 
90.405168 
90.406516 
90.491250 
90.478509 
90.366635 
90.370948 
90.455910 
90.412905 
90.279787 
90.195386 
90.009381 
89.931483 
89.952481 
90.073874 
90.258572 
90.312684 
90.246492 
90.268356 
90.314963 
90.238310 
90.059366 
89.803685 
89.463324 
89.230475 
88.922548 
88.575158 
88.323605 
88.041112 
87.741042 
87.531234 
87.315085 
87.165079 
87.019401 
86.930466 
86.831893 
86.743382 
86.688114 
86.634308 
86.597118 
86.583305 
86.575115 
86.583072 
86.620724 
86.642742 
86.695282 
86.788447 
86.924732 
87.007573 
87.129244 
87.288107 
87.496211 
87.791314 
87.978936 
88.068569 
88.068458 
88.124814 
88.262002 
88.419645 
88.640624 
88.734499 
88.872981 
88.926911 
88.869658 
88.890141 
88.980422 
89.130152 
89.160364 
89.286725 
89.465958 
89.525893 
89.644267 
89.620310 
89.663122 
89.563773 
89.517249 
89.524399 
89.638576 
89.806630 
89.812525 
89.681356 
89.416652 
89.267513 
89.030310 
88.692357 
88.289268 
88.013978 
87.866460 
87.648881 
87.361360 
87.037503 
86.683609 
86.325811 
86.080497 
85.819334 
85.633980 
85.446477 
85.334251 
85.257426 
85.174045 
85.084052 
85.020130 
84.981547 
84.967946 
84.961602 
84.963442 
84.993193 
85.042296 
85.127085 
85.179165 
85.184096 
85.157901 
85.155598 
85.201611 
85.300316 
85.340675 
85.430366 
85.581952 
85.798182 
85.944534 
86.161649 
86.280207 
86.295648 
86.222784 
86.095102 
85.901910 
85.666600 
85.423705 
85.185243 
84.955371 
84.752080 
84.626206 
84.551384 
84.480257 
84.427774 
84.401445 
84.393229 
84.381362 
84.361440 
84.355038 
84.386536 
84.446360 
84.560986 
84.641803 
84.747703 
84.794045 
84.876011 
84.894223 
84.849700 
84.777302 
84.751949 
84.765350 
84.720854 
84.635120 
84.514930 
84.359025 
84.183196 
84.084499 
83.983714 
83.908436 
83.863495 
83.834228 
83.825720 
83.792319 
83.796125 
83.832788 
83.834248 
83.802355 
83.748412 
83.718128 
83.722610 
83.706858 
83.668972 
83.614944 
83.555014 
83.515706 
83.490663 
83.455133 
83.419818 
83.398264 
83.376390 
83.351937 
83.335978 
83.329202 
83.319653 
83.303121 
83.294870 
83.278444 
83.252021 
83.216879 
83.197490 
83.181251 
83.156725 
83.141397 
83.130365 
83.112558 
83.084019 
83.072695 
83.056772 
83.030320 
83.012750 
82.998192 
82.985672 
82.977564 
82.973324 
82.974232 
82.983027 
82.986093 
83.005256 
83.005775 
82.986312 
82.990548 
82.974233 
82.980119 
82.972717 
82.976825 
82.991302 
83.030600 
83.094126 
83.186658 
83.240795 
83.270970 
83.353118 
83.383351 
83.381688 
83.339970 
83.313502 
83.238587 
83.192987 
83.111213 
83.058521 
82.969382 
82.937597 
82.876926 
82.793154 
82.701400 
82.645381 
82.606399 
82.591655 
82.589690 
82.578015 
82.549885 
82.535407 
82.533176 
82.511217 
82.499916 
82.467030 
82.453059 
82.457734 
82.485920 
82.540460 
82.556749 
82.618709 
82.713757 
82.839300 
83.009612 
83.224556 
83.474191 
83.773371 
84.166395 
84.454418 
84.629402 
84.684809 
84.608155 
84.435600 
84.177490 
83.865873 
83.539416 
83.316509 
83.158756 
83.079768 
82.927940 
82.730594 
82.606977 
82.556761 
82.455049 
82.398799 
82.304965 
82.188887 
82.113244 
82.018268 
81.959681 
81.928600 
81.911292 
81.879316 
81.866969 
81.838573 
81.790824 
81.761078 
81.753926 
81.756101 
81.736840 
81.702616 
81.682858 
81.649108 
81.629179 
81.598453 
81.557651 
81.508849 
81.481872 
81.443094 
81.404591 
81.374340 
81.358687 
81.368815 
81.373951 
81.399569 
81.408229 
81.430451 
81.423316 
81.380222 
81.359795 
81.357809 
81.326173 
81.317668 
81.327903 
81.295592 
81.240054 
81.209769 
81.144787 
81.105776 
81.044073 
80.963017 
80.914979 
80.878603 
80.868088 
80.865667 
80.836850 
80.830393 
80.796211 
80.792997 
80.804797 
80.788145 
80.742618 
80.684986 
80.602296 
80.512759 
80.439070 
80.383360 
80.354954 
80.362133 
80.407566 
80.491501 
80.634896 
80.757816 
80.844363 
80.992573 
81.209038 
81.371410 
81.601099 
81.889879 
82.228245 
82.441877 
82.543220 
82.530690 
82.467274 
82.475616 
82.395142 
82.389789 
82.454721 
82.611946 
82.649277 
82.732259 
82.894277 
83.112865 
83.188848 
83.386559 
83.689554 
83.856712 
83.877659 
83.775408 
83.756086 
83.611895 
83.372620 
83.224637 
83.237246 
83.155821 
83.128217 
83.128956 
83.000398 
82.953915 
82.962644 
83.010600 
83.094629 
83.052703 
82.883912 
82.792281 
82.798169 
82.838013 
82.791944 
82.639991 
82.558612 
82.364497 
82.267672 
82.263431 
82.171848 
81.981707 
81.940226 
81.943336 
81.829355 
81.763651 
81.600646 
81.536859 
81.404500 
81.198902 
80.930426 
80.617026 
80.291457 
80.073156 
79.849640 
79.624921 
79.476121 
79.369641 
79.263619 
79.202599 
79.162685 
79.133853 
79.119199 
79.095079 
79.079101 
79.071053 
79.081885 
79.125386 
79.197494 
79.316852 
79.491666 
79.623380 
79.706829 
79.754306 
79.845324 
79.974979 
80.020804 
80.090002 
80.076610 
80.104334 
80.162883 
80.138186 
80.083675 
79.979666 
79.943962 
79.949150 
80.046500 
80.056986 
79.981493 
79.852392 
79.823224 
79.716187 
79.667712 
79.552736 
79.463760 
79.420724 
79.321562 
79.181859 
79.078206 
79.030651 
78.957146 
78.917660 
78.923826 
78.891202 
78.902414 
78.887289 
78.880997 
78.883980 
78.867854 
78.810210 
78.732864 
78.689813 
78.676007 
78.627681 
78.553856 
78.510437 
78.494324 
78.462560 
78.408043 
78.373952 
78.368063 
78.369941 
78.346264 
78.298964 
78.238362 
78.177513 
78.140111 
78.115459 
78.098467 
78.077348 
78.050984 
78.029632 
78.018359 
78.006150 
77.992431 
77.977444 
77.965528 
77.953966 
77.950382 
77.941918 
77.923713 
77.909731 
77.887037 
77.863879 
77.849115 
77.852976 
77.885230 
77.951667 
78.006909 
78.035114 
78.081352 
78.147476 
78.255282 
78.400988 
78.493477 
78.614975 
78.803920 
78.997193 
79.220650 
79.364662 
79.436713 
79.405226 
79.283296 
79.272012 
79.315577 
79.323504 
79.272159 
79.146495 
79.112438 
79.000985 
78.978911 
78.904456 
78.756403 
78.688963 
78.662349 
78.563715 
78.452181 
78.403068 
78.371584 
78.279894 
78.183282 
78.066297 
77.931830 
77.798503 
77.700325 
77.644769 
77.622283 
77.577161 
77.518352 
77.468495 
77.444761 
77.431118 
77.418720 
77.404432 
77.389331 
77.374277 
77.363843 
77.352105 
77.339315 
77.334827 
77.329980 
77.323635 
77.325822 
77.344146 
77.381415 
77.435504 
77.466659 
77.542523 
77.646562 
77.805996 
78.014477 
78.169891 
78.378967 
78.638621 
78.825113 
78.907493 
78.919871 
78.879439 
78.747388 
78.582607 
78.473504 
78.416188 
78.309737 
78.273255 
78.296062 
78.241140 
78.116534 
78.035766 
77.912920 
77.864322 
77.772638 
77.709280 
77.715774 
77.758512 
77.772774 
77.848750 
77.938891 
78.088685 
78.178422 
78.191631 
78.168764 
78.192099 
78.158774 
78.074728 
77.918431 
77.747536 
77.535836 
77.417353 
77.365918 
77.350018 
77.368114 
77.362243 
77.295214 
77.192684 
77.133952 
77.046697 
76.940268 
76.813474 
76.720607 
76.658538 
76.630638 
76.621047 
76.626374 
76.604957 
76.610351 
76.590214 
76.605234 
76.634158 
76.631037 
76.647015 
76.706311 
76.775944 
76.868928 
76.939622 
76.954677 
76.912764 
76.824889 
76.720434 
76.605791 
76.558992 
76.553849 
76.571814 
76.637410 
76.657363 
76.649576 
76.624144 
76.570327 
76.494472 
76.469872 
76.471091 
76.442996 
76.393082 
76.356729 
76.360970 
76.384957 
76.452892 
76.481160 
76.524905 
76.617954 
76.741370 
76.829888 
76.851917 
76.805187 
76.711620 
76.588556 
76.507356 
76.392194 
76.272178 
76.147519 
76.076937 
76.034468 
75.996456 
75.974275 
75.960244 
75.944124 
75.927574 
75.910653 
75.901594 
75.892205 
75.885889 
75.881472 
75.874084 
75.872317 
75.864736 
75.859015 
75.869751 
75.867517 
75.875909 
75.869707 
75.869763 
75.885937 
75.917742 
75.939909 
75.935281 
75.944205 
75.987792 
76.008661 
76.046091 
76.112368 
76.220514 
76.273774 
76.279049 
76.311992 
76.377338 
76.389801 
76.421945 
76.492044 
76.500704 
76.519076 
76.485140 
76.524130 
76.516258 
76.545742 
76.513238 
76.451889 
76.342423 
76.189209 
76.012610 
75.881199 
75.749225 
75.655983 
75.579758 
75.532279 
75.505265 
75.475767 
75.455640 
75.432897 
75.412185 
75.400761 
75.396098 
75.390711 
75.401538 
75.406411 
75.434043 
75.446372 
75.440359 
75.443523 
75.468212 
75.469880 
75.508365 
75.528558 
75.514783 
75.516912 
75.504787 
75.511868 
75.484219 
75.469994 
75.427051 
75.413278 
75.413275 
75.387236 
75.387862 
75.372046 
75.338423 
75.296653 
75.274612 
75.265097 
75.262510 
75.256469 
75.255589 
75.244386 
75.237930 
75.244957 
75.233427 
75.213692 
75.201236 
75.196670 
75.202444 
75.193649 
75.193142 
75.178326 
75.187268 
75.180664 
75.165486 
75.172437 
75.165110 
75.179760 
75.218924 
75.229075 
75.249484 
75.236477 
75.262013 
75.320889 
75.409380 
75.526838 
75.684776 
75.918552 
76.122462 
76.362218 
76.540653 
76.807732 
77.108755 
77.284093 
77.369554 
77.499970 
77.508708 
77.444836 
77.427436 
77.454948 
77.360308 
77.305236 
77.187617 
76.972992 
76.833424 
76.808322 
76.684643 
76.630437 
76.649644 
76.677694 
76.601319 
76.541518 
76.509646 
76.411345 
76.357230 
76.213159 
76.016658 
75.798721 
75.663096 
75.624665 
75.558381 
75.457422 
75.394470 
75.356096 
75.278072 
75.236088 
75.169118 
75.052252 
74.906829 
74.825374 
74.718080 
74.612370 
74.514042 
74.437872 
74.402734 
74.392603 
74.410109 
74.473037 
74.579930 
74.682901 
74.750433 
74.864797 
74.934142 
74.953240 
74.993222 
75.010586 
74.960177 
74.866563 
74.802424 
74.803967 
74.862234 
74.925568 
74.944749 
74.975369 
75.044402 
75.041300 
75.109176 
75.191870 
75.229950 
75.185812 
75.101930 
74.977126 
74.849888 
74.711542 
74.645523 
74.617857 
74.622114 
74.630339 
74.645186 
74.607906 
74.595368 
74.544249 
74.514370 
74.534656 
74.606288 
74.612311 
74.622542 
74.589123 
74.520201 
74.448539 
74.396943 
74.364387 
74.289734 
74.195553 
74.158049 
74.153180 
74.140521 
74.094196 
74.039866 
73.990778 
73.960701 
73.927452 
73.907579 
73.882068 
73.868783 
73.861954 
73.859621 
73.860919 
73.870189 
73.867094 
73.870888 
73.885442 
73.917950 
73.968300 
74.049007 
74.177410 
74.276423 
74.328012 
74.407832 
74.518160 
74.552452 
74.544902 
74.480465 
74.473262 
74.492077 
74.539020 
74.654196 
74.689237 
74.777065 
74.809436 
74.816904 
74.773850 
74.679906 
74.622993 
74.633794 
74.599618 
74.577584 
74.515281 
74.387181 
74.257453 
74.185542 
74.169865 
74.176060 
74.117940 
74.012332 
73.905478 
73.791286 
73.740775 
73.713768 
73.729594 
73.747711 
73.745147 
73.718993 
73.677947 
73.610163 
73.530879 
73.439492 
73.391076 
73.357432 
73.315987 
73.284848 
73.271776 
73.262149 
73.253547 
73.245871 
73.241800 
73.235190 
73.226541 
73.217513 
73.208103 
73.200963 
73.192399 
73.184778 
73.175949 
73.167668 
73.160114 
73.156534 
73.151590 
73.142207 
73.140832 
73.144746 
73.155722 
73.165993 
73.183635 
73.216786 
73.233463 
73.228775 
73.195844 
73.176740 
73.181637 
73.219303 
73.224727 
73.267404 
73.269008 
73.312090 
73.383615 
73.490077 
73.561560 
73.693589 
73.760381 
73.861738 
73.889326 
73.934742 
73.920551 
73.884983 
73.842249 
73.735930 
73.609736 
73.533600 
73.448235 
73.350104 
73.233781 
73.121325 
73.009093 
72.924179 
72.873944 
72.868577 
72.885674 
72.926326 
72.959155 
73.011180 
73.034483 
73.086707 
73.116177 
73.131213 
73.116902 
73.080453 
73.090376 
73.147474 
73.250600 
73.399070 
73.512623 
73.680855 
73.788532 
73.928159 
74.109219 
74.212060 
74.237687 
74.286057 
74.369179 
74.349665 
74.348287 
74.423283 
74.557580 
74.728839 
74.984548 
75.256613 
75.600169 
75.798491 
76.067128 
76.239345 
76.308299 
76.308880 
76.256769 
76.195401 
76.166008 
76.172569 
76.056068 
75.821549 
75.549588 
75.267788 
74.915208 
74.576184 
74.304552 
74.015481 
73.857724 
73.647950 
73.482751 
73.312376 
73.146417 
73.054882 
72.949833 
72.902327 
72.836875 
72.750812 
72.696426 
72.684153 
72.695491 
72.676886 
72.650429 
72.619797 
72.569163 
72.526014 
72.477364 
72.462489 
72.440837 
72.434869 
72.425591 
72.419438 
72.417497 
72.422049 
72.432578 
72.453350 
72.459317 
72.481529 
72.521401 
72.535807 
72.574964 
72.579809 
72.564233 
72.568921 
72.555886 
72.535426 
72.502786 
72.491313 
72.494617 
72.532547 
72.538298 
72.513495 
72.504823 
72.505533 
72.542268 
72.617179 
72.725711 
72.848191 
72.911574 
73.034421 
73.117742 
73.183362 
73.210616 
73.263194 
73.254474 
73.202561 
73.197796 
73.125704 
72.997950 
72.894220 
72.820669 
72.805322 
72.803718 
72.817855 
72.797347 
72.764375 
72.748055 
72.704245 
72.631790 
72.576234 
72.562290 
72.577220 
72.594341 
72.639288 
72.713544 
72.762810 
72.747462 
72.755310 
72.772927 
72.816313 
72.809551 
72.740939 
72.672610 
72.648680 
72.598010 
72.587342 
72.528126 
72.439634 
72.414582 
72.346604 
72.263944 
72.219627 
72.219322 
72.211025 
72.218452 
72.256745 
72.266101 
72.254184 
72.253921 
72.271087 
72.247659 
72.204906 
72.141661 
72.068520 
71.999292 
71.952677 
71.901638 
71.875956 
71.864857 
71.848635 
71.836033 
71.823610 
71.815768 
71.811196 
71.815874 
71.832741 
71.837263 
71.848436 
71.845082 
71.827163 
71.824764 
71.804783 
71.783115 
71.774608 
71.762317 
71.754196 
71.734473 
71.722699 
71.725217 
71.711304 
71.703373 
71.682798 
71.659762 
71.645561 
71.631968 
71.622569 
71.614774 
71.610699 
71.604762 
71.600168 
71.606944 
71.629663 
71.657416 
71.718531 
71.770068 
71.801831 
71.864254 
71.944463 
72.034928 
72.147097 
72.294849 
72.380737 
72.479722 
72.496917 
72.556768 
72.569056 
72.526512 
72.421306 
72.294768 
72.167181 
72.075507 
72.009981 
71.988866 
72.026189 
71.999761 
72.009914 
72.047241 
72.059837 
72.102289 
72.175224 
72.266692 
72.280811 
72.361133 
72.461020 
72.544095 
72.647399 
72.798894 
73.000617 
73.293319 
73.687739 
73.956897 
74.290346 
74.546592 
74.791052 
75.040642 
75.123742 
75.080937 
75.190929 
75.318495 
75.380992 
75.371238 
75.261358 
75.232787 
75.058836 
74.807584 
74.474824 
74.156090 
73.838386 
73.614228 
73.316554 
72.968738 
72.726557 
72.474523 
72.213268 
71.969383 
71.739031 
71.592360 
71.436537 
71.333733 
71.261736 
71.188304 
71.150842 
71.117233 
71.100001 
71.082473 
71.073930 
71.072312 
71.065418 
71.056232 
71.048505 
71.040388 
71.037897 
71.030413 
71.026031 
71.025579 
71.029274 
71.020994 
71.008850 
70.993011 
70.982776 
70.985161 
70.978999 
70.977369 
70.973691 
70.964634 
70.943746 
70.920848 
70.908030 
70.898151 
70.894741 
70.892889 
70.898662 
70.914271 
70.932782 
70.947608 
70.956521 
70.955039 
70.930891 
70.905501 
70.875943 
70.847822 
70.830786 
70.820533 
70.816635 
70.823682 
70.844869 
70.859632 
70.886103 
70.939848 
70.982787 
70.997819 
71.030731 
71.034239 
71.023017 
70.998842 
70.990158 
71.019596 
71.005700 
71.004070 
70.985844 
71.009166 
70.997205 
70.950542 
70.929716 
70.873868 
70.800601 
70.770144 
70.725501 
70.675910 
70.657271 
70.646101 
70.646694 
70.640741 
70.637106 
70.642447 
70.648974 
70.646515 
70.658424 
70.658774 
70.652906 
70.656331 
70.657509 
70.659357 
70.655471 
70.649030 
70.650023 
70.658614 
70.676725 
70.705772 
70.765243 
70.806341 
70.827793 
70.859596 
70.903106 
70.908240 
70.937407 
70.930576 
70.964151 
71.044241 
71.156128 
71.277717 
71.363688 
71.472739 
71.603529 
71.700506 
71.876955 
72.012802 
72.179981 
72.283382 
72.355536 
72.351554 
72.259552 
72.157974 
72.088392 
71.991336 
71.840421 
71.673077 
71.480828 
71.262138 
71.063784 
70.933135 
70.870529 
70.867402 
70.878431 
70.834548 
70.775655 
70.729241 
70.694781 
70.674100 
70.618436 
70.590626 
70.584040 
70.601913 
70.644946 
70.667799 
70.711129 
70.764910 
70.762055 
70.726594 
70.699358 
70.629518 
70.605913 
70.554221 
70.523196 
70.536111 
70.557870 
70.541436 
70.517019 
70.475212 
70.447305 
70.440417 
70.399207 
70.349855 
70.319311 
70.300707 
70.288597 
70.304534 
70.294441 
70.311755 
70.318026 
70.313027 
70.294571 
70.304087 
70.329182 
70.346594 
70.383423 
70.385577 
70.350270 
70.299667 
70.240561 
70.208289 
70.184978 
70.176037 
70.176170 
70.157184 
70.160434 
70.173372 
70.166155 
70.174161 
70.203646 
70.241814 
70.275276 
70.287459 
70.266655 
70.260959 
70.220438 
70.173603 
70.137965 
70.101514 
70.069971 
70.036646 
70.010333 
69.998277 
70.012670 
70.070895 
70.185681 
70.340395 
70.505638 
70.640316 
70.788933 
70.869764 
70.872554 
70.868848 
70.795846 
70.792161 
70.802266 
70.741386 
70.698164 
70.613049 
70.478646 
70.324656 
70.164733 
70.074182 
69.988019 
69.915106 
69.881876 
69.870704 
69.881879 
69.900527 
69.935796 
69.995369 
70.077067 
70.126762 
70.148305 
70.147740 
70.109047 
70.114099 
70.141937 
70.157241 
70.193113 
70.243213 
70.244856 
70.218046 
70.168601 
70.127780 
70.107790 
70.049048 
69.962267 
69.867079 
69.791197 
69.743682 
69.709283 
69.700730 
69.705866 
69.715152 
69.721319 
69.721547 
69.716292 
69.723283 
69.737442 
69.776586 
69.814659 
69.866773 
69.886250 
69.930829 
69.934161 
69.947980 
69.967545 
69.998864 
70.003778 
69.987127 
69.985075 
70.012579 
70.042531 
70.124588 
70.192287 
70.285537 
70.358589 
70.496663 
70.552615 
70.550522 
70.619749 
70.742389 
70.810058 
70.895301 
70.900009 
70.919060 
71.016383 
71.192244 
71.395268 
71.661031 
71.925994 
72.256852 
72.439249 
72.482870 
72.594107 
72.718690 
72.739883 
72.682209 
72.529000 
72.283665 
72.106832 
71.981024 
71.835340 
71.743561 
71.675785 
71.556455 
71.423306 
71.203811 
71.046827 
70.942701 
70.939540 
71.008736 
70.981099 
70.993085 
70.980173 
70.902008 
70.755101 
70.570952 
70.442896 
70.404782 
70.394215 
70.440682 
70.413949 
70.426228 
70.372661 
70.307674 
70.202475 
70.167453 
70.067645 
70.040297 
69.965286 
69.848382 
69.769676 
69.654819 
69.593909 
69.512489 
69.480799 
69.484856 
69.505391 
69.492721 
69.517504 
69.586424 
69.671041 
69.768717 
69.891846 
69.971651 
70.059280 
70.212762 
70.349990 
70.504019 
70.681462 
70.930160 
71.072886 
71.111460 
71.246862 
71.404405 
71.642874 
71.744617 
71.723959 
71.604040 
71.382173 
71.126879 
70.939136 
70.701317 
70.416490 
70.114348 
69.885813 
69.645375 
69.478231 
69.336838 
69.224459 
69.170096 
69.136715 
69.113351 
69.098379 
69.080282 
69.064380 
69.056877 
69.052439 
69.057014 
69.070684 
69.093606 
69.100566 
69.088053 
69.087473 
69.090149 
69.075989 
69.077800 
69.059850 
69.063426 
69.063413 
69.076889 
69.076544 
69.062336 
69.054583 
69.037976 
69.044541 
69.067484 
69.097643 
69.136687 
69.159463 
69.155857 
69.165419 
69.215076 
69.284284 
69.338116 
69.343431 
69.327003 
69.287426 
69.231547 
69.220765 
69.255685 
69.306208 
69.385124 
69.447771 
69.449136 
69.392054 
69.356101 
69.306455 
69.247614 
69.220309 
69.158877 
69.131320 
69.090688 
69.074393 
69.090112 
69.081089 
69.096877 
69.079370 
69.039358 
69.018244 
69.011542 
68.993346 
68.986020 
68.965135 
68.931531 
68.885698 
68.836450 
68.804859 
68.785590 
68.778933 
68.782140 
68.777597 
68.763118 
68.753378 
68.735731 
68.727691 
68.732184 
68.753041 
68.804733 
68.901072 
69.029184 
69.211366 
69.362170 
69.446670 
69.555706 
69.663086 
69.693937 
69.758469 
69.740871 
69.733598 
69.691747 
69.715819 
69.763689 
69.740484 
69.758651 
69.859011 
69.982299 
70.115293 
70.144640 
70.145010 
70.203798 
70.158456 
70.027934 
69.985654 
69.995591 
70.038501 
70.053532 
69.990279 
69.903816 
69.915107 
69.976961 
69.989794 
69.984146 
70.066775 
70.147078 
70.122387 
70.175209 
70.192579 
70.263331 
70.370895 
70.523603 
70.650050 
70.670967 
70.746420 
70.702199 
70.680613 
70.673033 
70.552283 
70.488018 
70.345569 
70.146552 
69.964298 
69.775423 
69.568174 
69.336218 
69.090553 
68.914064 
68.757380 
68.611657 
68.508024 
68.445139 
68.424459 
68.428696 
68.439495 
68.460342 
68.488753 
68.508446 
68.559367 
68.591220 
68.611969 
68.598810 
68.557272 
68.527019 
68.476634 
68.431525 
68.404502 
68.378123 
68.368433 
68.365735 
68.374547 
68.382778 
68.380025 
68.385533 
68.401373 
68.401011 
68.386486 
68.389766 
68.379268 
68.367851 
68.341091 
68.311557 
68.292654 
68.297551 
68.315683 
68.343019 
68.396327 
68.465413 
68.504768 
68.563320 
68.588122 
68.568925 
68.533481 
68.527045 
68.533223 
68.577638 
68.654800 
68.708892 
68.736297 
68.820775 
68.858992 
68.905300 
68.900663 
68.872796 
68.907271 
68.977906 
69.120106 
69.196717 
69.214456 
69.252641 
69.212449 
69.142293 
69.022509 
68.984138 
68.920951 
68.925798 
68.947897 
68.913430 
68.952768 
68.918596 
68.856273 
68.809825 
68.788628 
68.737118 
68.637497 
68.605051 
68.524387 
68.419691 
68.354199 
68.292968 
68.214694 
68.162218 
68.119153 
68.106386 
68.088714 
68.061807 
68.033243 
68.022831 
68.014609 
68.012347 
68.019285 
68.043674 
68.068320 
68.071668 
68.085855 
68.073190 
68.046822 
68.028801 
68.031110 
68.054885 
68.056780 
68.056520 
68.046040 
68.015886 
67.977123 
67.938628 
67.910969 
67.897526 
67.893827 
67.897661 
67.895535 
67.896442 
67.894946 
67.901015 
67.918584 
67.929688 
67.946629 
67.980014 
68.010710 
68.076878 
68.139918 
68.226955 
68.331643 
68.383847 
68.448057 
68.475098 
68.442684 
68.434066 
68.438436 
68.383164 
68.341296 
68.250623 
68.151213 
68.033798 
67.978479 
67.907013 
67.853666 
67.810629 
67.792126 
67.784182 
67.795563 
67.843052 
67.897939 
67.956329 
67.993918 
67.992738 
67.985296 
68.004824 
68.064701 
68.152841 
68.217351 
68.236564 
68.280377 
68.336665 
68.411254 
68.447012 
68.537537 
68.689191 
68.757185 
68.815959 
68.828528 
68.866419 
68.946661 
69.116080 
69.199000 
69.214823 
69.155174 
69.046483 
68.868666 
68.711595 
68.566496 
68.505436 
68.519188 
68.492506 
68.503845 
68.547884 
68.528649 
68.581000 
68.665031 
68.808395 
69.004306 
69.099404 
69.209685 
69.289203 
69.292812 
69.218084 
69.067352 
68.945299 
68.849700 
68.799981 
68.762678 
68.704264 
68.712571 
68.683596 
68.584225 
68.428962 
68.319686 
68.169231 
68.072547 
68.036046 
67.971220 
67.885260 
67.827473 
67.754055 
67.672367 
67.598592 
67.557383 
67.553035 
67.579152 
67.649839 
67.774123 
67.941531 
68.156697 
68.404714 
68.610563 
68.791919 
68.927794 
69.034029 
69.068255 
69.049750 
68.938343 
68.753181 
68.585957 
68.433309 
68.275513 
68.178431 
68.074853 
67.970139 
67.858530 
67.751485 
67.673022 
67.629627 
67.610338 
67.571400 
67.513980 
67.454175 
67.429639 
67.414054 
67.399286 
67.380795 
67.375768 
67.379951 
67.387540 
67.383837 
67.381825 
67.388681 
67.382622 
67.381527 
67.379579 
67.387152 
67.413107 
67.466027 
67.537593 
67.612785 
67.671814 
67.708099 
67.790033 
67.845670 
67.951185 
68.067724 
68.173429 
68.202474 
68.207699 
68.214525 
68.295316 
68.410633 
68.601498 
68.817612 
69.121763 
69.319612 
69.604427 
69.762284 
69.839566 
69.940946 
69.908643 
69.936896 
69.838245 
69.811320 
69.665396 
69.489798 
69.343880 
69.164818 
69.055926 
68.860172 
68.642578 
68.378559 
68.173871 
67.975215 
67.798158 
67.686379 
67.584926 
67.519823 
67.483694 
67.454851 
67.426677 
67.406630 
67.421507 
67.404697 
67.398439 
67.380842 
67.339984 
67.314573 
67.314680 
67.299203 
67.298403 
67.290062 
67.271106 
67.243823 
67.227173 
67.217970 
67.213369 
67.210742 
67.211629 
67.226790 
67.257315 
67.294599 
67.309042 
67.342487 
67.412212 
67.458367 
67.477550 
67.498008 
67.491841 
67.518904 
67.539192 
67.512277 
67.536204 
67.551649 
67.617954 
67.640975 
67.673735 
67.649659 
67.615002 
67.599655 
67.540192 
67.442402 
67.333129 
67.274255 
67.249489 
67.233503 
67.222543 
67.242570 
67.292981 
67.354576 
67.374385 
67.393769 
67.407096 
67.449389 
67.501988 
67.594653 
67.723860 
67.798979 
67.800330 
67.783589 
67.828014 
67.893167 
67.944788 
68.072743 
68.184817 
68.374989 
68.581634 
68.728011 
68.964904 
69.139834 
69.184460 
69.119714 
69.002533 
68.811095 
68.748781 
68.663202 
68.678852 
68.651938 
68.644710 
68.536040 
68.396068 
68.366659 
68.247435 
68.230532 
68.223636 
68.178057 
68.104323 
68.087071 
68.058051 
67.950709 
67.876338 
67.821331 
67.702832 
67.622776 
67.616828 
67.553266 
67.481729 
67.440313 
67.363395 
67.292204 
67.220110 
67.188068 
67.116990 
67.043227 
66.993028 
66.962462 
66.965993 
66.940427 
66.895638 
66.871737 
66.846502 
66.833474 
66.826663 
66.826207 
66.821148 
66.829232 
66.826454 
66.836978 
66.868988 
66.880057 
66.906804 
66.906489 
66.908611 
66.903752 
66.915160 
66.942802 
66.977154 
66.972828 
66.952227 
66.909505 
66.845163 
66.808448 
66.796436 
66.790284 
66.797533 
66.790876 
66.791229 
66.774495 
66.751352 
66.742544 
66.742144 
66.760207 
66.795917 
66.810175 
66.860608 
66.921200 
67.030591 
67.099334 
67.129335 
67.150182 
67.177558 
67.188510 
67.140075 
67.092175 
67.003967 
66.956213 
66.919422 
66.890085 
66.874766 
66.862630 
66.827405 
66.810764 
66.818375 
66.793045 
66.739645 
66.713159 
66.716661 
66.716921 
66.710919 
66.710106 
66.700417 
66.667013 
66.652949 
66.662972 
66.650497 
66.645439 
66.647375 
66.629660 
66.634396 
66.656501 
66.705449 
66.797723 
66.903171 
66.980621 
67.068917 
67.146892 
67.243669 
67.388764 
67.579823 
67.831000 
68.179667 
68.454340 
68.682025 
68.854940 
68.926406 
68.869542 
68.724634 
68.715053 
68.824683 
68.946630 
68.979917 
69.100627 
69.083372 
69.102308 
69.002966 
68.959898 
68.800608 
68.778391 
68.845318 
68.809312 
68.667848 
68.594504 
68.416028 
68.268469 
68.190456 
68.029898 
67.913911 
67.884273 
67.879476 
67.786424 
67.673652 
67.555891 
67.477568 
67.425935 
67.393852 
67.388258 
67.337413 
67.274574 
67.242496 
67.174930 
67.185730 
67.123359 
67.004979 
66.884295 
66.832749 
66.782420 
66.727456 
66.660832 
66.577014 
66.546829 
66.496119 
66.486559 
66.467557 
66.438937 
66.443370 
66.418924 
66.413311 
66.425906 
66.444514 
66.463437 
66.494613 
66.535015 
66.580271 
66.615021 
66.607634 
66.610144 
66.597426 
66.581711 
66.546230 
66.482492 
66.435033 
66.381642 
66.330053 
66.305788 
66.301083 
66.308391 
66.318706 
66.304028 
66.289123 
66.299917 
66.300962 
66.316742 
66.310682 
66.301849 
66.280499 
66.250158 
66.241191 
66.252903 
66.251650 
66.255397 
66.248282 
66.224142 
66.201071 
66.178882 
66.154851 
66.144129 
66.139308 
66.135010 
66.133202 
66.128857 
66.125635 
66.128918 
66.128266 
66.117323 
66.116074 
66.107374 
66.105623 
66.106422 
66.115066 
66.132717 
66.154705 
66.169513 
66.188771 
66.204356 
66.252527 
66.305290 
66.370778 
66.414177 
66.491771 
66.546661 
66.543062 
66.529725 
66.504826 
66.498651 
66.484087 
66.514735 
66.566210 
66.653003 
66.754193 
66.919119 
67.154777 
67.372703 
67.488654 
67.558364 
67.612186 
67.667578 
67.662433 
67.673170 
67.716112 
67.693117 
67.594116 
67.572545 
67.490507 
67.362873 
67.299310 
67.257202 
67.266786 
67.354491 
67.454076 
67.562544 
67.690106 
67.803636 
67.964452 
68.144807 
68.342258 
68.505791 
68.607234 
68.630688 
68.676596 
68.616452 
68.438992 
68.403464 
68.444250 
68.492898 
68.544091 
68.597369 
68.568953 
68.671150 
68.661193 
68.539244 
68.369519 
68.288579 
68.144650 
68.113869 
67.987223 
67.988540 
67.888023 
67.781343 
67.706432 
67.729028 
67.825883 
67.883961 
67.960410 
67.936222 
68.007478 
68.053043 
68.207756 
68.359271 
68.375016 
68.394469 
68.417098 
68.465561 
68.385006 
68.241006 
68.046121 
67.945310 
67.936351 
67.951409 
67.974320 
68.019558 
68.083585 
68.250635 
68.464225 
68.613787 
68.884769 
69.168636 
69.387642 
69.463738 
69.388239 
69.246848 
69.243993 
69.207211 
69.047840 
68.823704 
68.603277 
68.492668 
68.401132 
68.244287 
67.998861 
67.819338 
67.686209 
67.492153 
67.387609 
67.311563 
67.264629 
67.295366 
67.307472 
67.223066 
67.108151 
67.017008 
66.901386 
66.830247 
66.806226 
66.816858 
66.862072 
66.917455 
66.933808 
66.896708 
66.883313 
66.896760 
66.845030 
66.755676 
66.681731 
66.593259 
66.590431 
66.659984 
66.645178 
66.690926 
66.674223 
66.693028 
66.735311 
66.691010 
66.735109 
66.849694 
67.000255 
67.114870 
67.212974 
67.218989 
67.309319 
67.358182 
67.297135 
67.213909 
67.141967 
67.098393 
67.128642 
67.122654 
67.067570 
66.956017 
66.790929 
66.665599 
66.501066 
66.412453 
66.410483 
66.485949 
66.636427 
66.716760 
66.721024 
66.643234 
66.496582 
66.394008 
66.250631 
66.072119 
65.911367 
65.796201 
65.672511 
65.577709 
65.506511 
65.480913 
65.481964 
65.506374 
65.547030 
65.608647 
65.690485 
65.759397 
65.852103 
65.937036 
66.081602 
66.187954 
66.268374 
66.372652 
66.483335 
66.511767 
66.494469 
66.560291 
66.611788 
66.747789 
66.936068 
67.054409 
67.062776 
67.097868 
67.132959 
67.212678 
67.374882 
67.557723 
67.618969 
67.557585 
67.578897 
67.582075 
67.639544 
67.585206 
67.561750 
67.526329 
67.406841 
67.281669 
67.198094 
67.167426 
67.168956 
67.125256 
67.092061 
67.037173 
66.968595 
66.882925 
66.834524 
66.774278 
66.769207 
66.861377 
66.933837 
67.011138 
67.057408 
66.991864 
66.994968 
66.892494 
66.886005 
66.815018 
66.705960 
66.650299 
66.554770 
66.383705 
66.229477 
66.149453 
66.089519 
65.964849 
65.860926 
65.766069 
65.702709 
65.624239 
65.566554 
65.509596 
65.433599 
65.339073 
65.292209 
65.249781 
65.211456 
65.173146 
65.154150 
65.143025 
65.139193 
65.135859 
65.132677 
65.129317 
65.128433 
65.127415 
65.128343 
65.129443 
65.134476 
65.134686 
65.145587 
