112.572446 
108.560390 
105.113938 
102.025311 
99.231879 
96.713923 
94.453062 
92.444825 
90.674883 
89.149510 
87.845904 
86.784480 
85.900906 
85.234115 
84.625897 
84.165557 
83.582946 
83.086767 
82.340043 
81.683585 
80.765496 
79.973089 
78.979652 
78.130019 
77.155575 
76.319363 
75.424622 
74.650505 
73.866574 
73.182758 
72.519519 
71.936752 
71.388891 
70.903589 
70.455481 
70.053961 
69.684719 
69.348504 
69.036947 
68.747831 
68.476164 
68.219480 
67.974848 
67.740448 
67.514614 
67.296207 
67.084296 
66.878206 
66.677400 
66.481461 
66.290051 
66.102888 
65.919728 
65.740360 
65.564593 
65.392253 
65.223181 
65.057231 
64.894265 
64.734156 
64.576785 
64.422041 
64.269819 
64.120020 
63.972554 
63.827333 
63.684275 
63.543304 
63.404347 
63.267336 
63.132206 
62.998895 
62.867347 
62.737505 
62.609317 
62.482735 
62.357711 
62.234200 
62.112161 
61.991552 
61.872335 
61.754473 
61.637931 
61.522676 
61.408675 
61.295898 
61.184315 
61.073898 
60.964620 
60.856456 
60.749380 
60.643369 
60.538400 
60.434450 
60.331498 
60.229525 
60.128509 
60.028433 
59.929278 
59.831026 
59.733660 
59.637163 
59.541520 
59.446715 
59.352734 
59.259561 
59.167182 
59.075585 
58.984756 
58.894681 
58.805350 
58.716748 
58.628866 
58.541691 
58.455213 
58.369420 
58.284302 
58.199849 
58.116051 
58.032898 
57.950382 
57.868491 
57.787219 
57.706555 
57.626491 
57.547020 
57.468132 
57.389820 
57.312076 
57.234893 
57.158262 
57.082178 
57.006632 
56.931617 
56.857128 
56.783156 
56.709697 
56.636742 
56.564287 
56.492324 
56.420848 
56.349853 
56.279333 
56.209283 
56.139696 
56.070568 
56.001893 
55.933666 
55.865881 
55.798534 
55.731619 
55.665133 
55.599068 
55.533422 
55.468190 
55.403366 
55.338947 
55.274928 
55.211304 
55.148072 
55.085227 
55.022765 
54.960683 
54.898975 
54.837638 
54.776668 
54.716062 
54.655816 
54.595925 
54.536387 
54.477197 
54.418352 
54.359850 
54.301685 
54.243855 
54.186357 
54.129187 
54.072343 
54.015820 
53.959615 
53.903727 
53.848151 
53.792884 
53.737924 
53.683267 
53.628912 
53.574854 
53.521091 
53.467621 
53.414440 
53.361546 
53.308936 
53.256607 
53.204558 
53.152785 
53.101286 
53.050058 
52.999099 
52.948406 
52.897977 
52.847810 
52.797903 
52.748252 
52.698856 
52.649712 
52.600819 
52.552173 
52.503773 
52.455617 
52.407702 
52.360027 
52.312589 
52.265386 
52.218417 
52.171678 
52.125169 
52.078887 
52.032831 
51.986997 
51.941386 
51.895994 
51.850819 
51.805861 
51.761116 
51.716584 
51.672263 
51.628150 
51.584244 
51.540544 
51.497047 
51.453753 
51.410658 
51.367762 
51.325064 
51.282560 
51.240251 
51.198134 
51.156207 
51.114470 
51.072920 
51.031557 
50.990378 
50.949382 
50.908568 
50.867934 
50.827479 
50.787202 
50.747100 
50.707174 
50.667420 
50.627838 
50.588427 
50.549185 
50.510111 
50.471204 
50.432462 
50.393883 
50.355468 
50.317214 
50.279121 
50.241186 
50.203409 
50.165789 
50.128325 
50.091014 
50.053857 
50.016852 
49.979997 
49.943292 
49.906736 
49.870327 
49.834064 
49.797946 
49.761973 
49.726143 
49.690454 
49.654907 
49.619500 
49.584231 
49.549100 
49.514106 
49.479248 
49.444525 
49.409936 
49.375479 
49.341155 
49.306961 
49.272898 
49.238964 
49.205158 
49.171479 
49.137926 
49.104499 
49.071196 
49.038017 
49.004961 
48.972027 
48.939214 
48.906521 
48.873947 
48.841492 
48.809155 
48.776934 
48.744829 
48.712840 
48.680965 
48.649204 
48.617556 
48.586019 
48.554594 
48.523280 
48.492075 
48.460979 
48.429992 
48.399112 
48.368339 
48.337672 
48.307111 
48.276654 
48.246301 
48.216051 
48.185904 
48.155859 
48.125915 
48.096071 
48.066327 
48.036683 
48.007137 
47.977688 
47.948338 
47.919083 
47.889925 
47.860862 
47.831893 
47.803019 
47.774238 
47.745550 
47.716954 
47.688450 
47.660037 
47.631715 
47.603482 
47.575339 
47.547284 
47.519318 
47.491439 
47.463647 
47.435942 
47.408322 
47.380788 
47.353339 
47.325975 
47.298694 
47.271496 
47.244381 
47.217349 
47.190398 
47.163528 
47.136739 
47.110030 
47.083401 
47.056852 
47.030380 
47.003988 
46.977673 
46.951435 
46.925274 
46.899189 
46.873181 
46.847248 
46.821389 
46.795606 
46.769896 
46.744260 
46.718697 
46.693207 
46.667790 
46.642444 
46.617170 
46.591966 
46.566834 
46.541771 
46.516779 
46.491855 
46.467001 
46.442215 
46.417498 
46.392848 
46.368265 
46.343750 
46.319301 
46.294918 
46.270602 
46.246350 
46.222164 
46.198043 
46.173985 
46.149992 
46.126062 
46.102196 
46.078393 
46.054652 
46.030973 
46.007356 
45.983800 
45.960306 
45.936873 
45.913499 
45.890186 
45.866933 
45.843740 
45.820605 
45.797529 
45.774512 
45.751553 
45.728651 
45.705808 
45.683021 
45.660291 
45.637618 
45.615002 
45.592441 
45.569936 
45.547486 
45.525091 
45.502751 
45.480466 
45.458235 
45.436057 
45.413934 
45.391863 
45.369846 
45.347882 
45.325970 
45.304110 
45.282302 
45.260546 
45.238841 
45.217188 
45.195585 
45.174033 
45.152531 
45.131080 
45.109678 
45.088326 
45.067023 
45.045769 
45.024564 
45.003408 
44.982300 
44.961240 
44.940228 
44.919263 
44.898346 
44.877476 
44.856653 
44.835877 
44.815147 
44.794463 
44.773825 
44.753233 
44.732686 
44.712185 
44.691729 
44.671318 
44.650951 
44.630628 
44.610350 
44.590116 
44.569926 
44.549779 
44.529675 
44.509615 
44.489597 
44.469622 
44.449690 
44.429800 
44.409952 
44.390147 
44.370382 
44.350660 
44.330978 
44.311338 
44.291739 
44.272180 
44.252662 
44.233185 
44.213747 
44.194350 
44.174992 
44.155674 
44.136395 
44.117156 
44.097956 
44.078794 
44.059672 
44.040587 
44.021542 
44.002534 
43.983564 
43.964633 
43.945739 
43.926882 
43.908063 
43.889281 
43.870536 
43.851828 
43.833156 
43.814522 
43.795923 
43.777361 
43.758834 
43.740344 
43.721889 
43.703470 
43.685086 
43.666738 
43.648424 
43.630146 
43.611902 
43.593693 
43.575519 
43.557378 
43.539272 
43.521201 
43.503163 
43.485158 
43.467188 
43.449251 
43.431347 
43.413477 
43.395639 
43.377835 
43.360063 
43.342324 
43.324617 
43.306943 
43.289301 
43.271692 
43.254114 
43.236568 
43.219054 
43.201571 
43.184120 
43.166700 
43.149311 
43.131954 
43.114627 
43.097332 
43.080067 
43.062832 
43.045628 
43.028455 
43.011311 
42.994198 
42.977115 
42.960061 
42.943037 
42.926043 
42.909079 
42.892144 
42.875238 
42.858361 
42.841513 
42.824695 
42.807905 
42.791143 
42.774411 
42.757707 
42.741031 
42.724384 
42.707765 
42.691173 
42.674610 
42.658075 
42.641567 
42.625087 
42.608635 
42.592210 
42.575812 
42.559442 
42.543098 
42.526782 
42.510493 
42.494230 
42.477994 
42.461785 
42.445603 
42.429447 
42.413317 
42.397213 
42.381136 
42.365084 
42.349059 
42.333059 
42.317085 
42.301137 
42.285215 
42.269318 
42.253446 
42.237600 
42.221779 
42.205983 
42.190212 
42.174466 
42.158745 
42.143049 
42.127377 
42.111730 
42.096108 
42.080510 
42.064936 
42.049387 
42.033861 
42.018360 
42.002883 
41.987430 
41.972001 
41.956595 
41.941214 
41.925855 
41.910521 
41.895209 
41.879922 
41.864657 
41.849416 
41.834198 
41.819003 
41.803831 
41.788681 
41.773555 
41.758451 
41.743370 
41.728312 
41.713276 
41.698263 
41.683272 
41.668304 
41.653357 
41.638433 
41.623531 
41.608651 
41.593793 
41.578957 
41.564143 
41.549350 
41.534579 
41.519830 
41.505102 
41.490396 
41.475711 
41.461047 
41.446405 
41.431784 
41.417184 
41.402605 
41.388047 
41.373510 
41.358994 
41.344499 
41.330025 
41.315571 
41.301138 
41.286725 
41.272333 
41.257961 
41.243610 
41.229279 
41.214968 
41.200678 
41.186407 
41.172157 
41.157927 
41.143716 
41.129526 
41.115355 
41.101204 
41.087073 
41.072962 
41.058870 
41.044797 
41.030744 
41.016711 
41.002697 
40.988702 
40.974726 
40.960770 
40.946833 
40.932915 
40.919015 
40.905135 
40.891274 
40.877432 
40.863608 
40.849804 
40.836018 
40.822250 
40.808501 
40.794771 
40.781060 
40.767366 
40.753691 
40.740035 
40.726397 
40.712777 
40.699175 
40.685591 
40.672026 
40.658478 
40.644949 
40.631437 
40.617943 
40.604468 
40.591010 
40.577569 
40.564147 
40.550742 
40.537354 
40.523985 
40.510632 
40.497298 
40.483980 
40.470680 
40.457398 
40.444132 
40.430884 
40.417653 
40.404439 
40.391243 
40.378063 
40.364900 
40.351755 
40.338626 
40.325514 
40.312419 
40.299341 
40.286279 
40.273234 
40.260206 
40.247194 
40.234199 
40.221221 
40.208259 
40.195313 
40.182384 
40.169472 
40.156575 
40.143695 
40.130831 
40.117983 
40.105152 
40.092336 
40.079537 
40.066754 
40.053986 
40.041235 
40.028500 
40.015780 
40.003076 
39.990388 
39.977716 
39.965060 
39.952419 
39.939794 
39.927185 
39.914591 
39.902012 
39.889449 
39.876902 
39.864370 
39.851853 
39.839352 
39.826866 
39.814395 
39.801940 
39.789500 
39.777075 
39.764665 
39.752270 
39.739890 
39.727525 
39.715176 
39.702841 
39.690521 
39.678216 
39.665926 
39.653650 
39.641390 
39.629144 
39.616913 
39.604696 
39.592494 
39.580307 
39.568135 
39.555976 
39.543833 
39.531704 
39.519589 
39.507489 
39.495403 
39.483331 
39.471274 
39.459231 
39.447203 
39.435188 
39.423188 
39.411202 
39.399230 
39.387272 
39.375328 
39.363398 
39.351482 
39.339580 
39.327692 
39.315818 
39.303958 
39.292112 
39.280279 
39.268461 
39.256656 
39.244864 
39.233087 
39.221323 
39.209572 
39.197836 
39.186113 
39.174403 
39.162707 
39.151024 
39.139355 
39.127699 
39.116057 
39.104428 
39.092813 
39.081210 
39.069621 
39.058046 
39.046483 
39.034934 
39.023398 
39.011875 
39.000365 
38.988868 
38.977384 
38.965913 
38.954456 
38.943011 
38.931579 
38.920160 
38.908754 
38.897361 
38.885981 
38.874613 
38.863259 
38.851917 
38.840588 
38.829271 
38.817968 
38.806676 
38.795398 
38.784132 
38.772879 
38.761638 
38.750410 
38.739194 
38.727991 
38.716800 
38.705622 
38.694456 
38.683302 
38.672161 
38.661032 
38.649916 
38.638812 
38.627720 
38.616640 
38.605572 
38.594517 
38.583473 
38.572442 
38.561423 
38.550416 
38.539421 
38.528439 
38.517468 
38.506509 
38.495562 
38.484627 
38.473704 
38.462793 
38.451894 
38.441006 
38.430131 
38.419267 
38.408415 
38.397575 
38.386746 
38.375929 
38.365124 
38.354331 
38.343549 
38.332779 
38.322020 
38.311273 
38.300537 
38.289813 
38.279101 
38.268400 
38.257710 
38.247032 
38.236366 
38.225710 
38.215067 
38.204434 
38.193813 
38.183203 
38.172604 
38.162017 
38.151441 
38.140876 
38.130322 
38.119780 
38.109248 
38.098728 
38.088219 
38.077721 
38.067234 
38.056758 
38.046293 
38.035840 
38.025397 
38.014965 
38.004544 
37.994134 
37.983735 
37.973347 
37.962970 
37.952603 
37.942247 
37.931903 
37.921569 
37.911245 
37.900933 
37.890631 
37.880340 
37.870060 
37.859790 
37.849531 
37.839282 
37.829044 
37.818817 
37.808601 
37.798394 
37.788199 
37.778014 
37.767839 
37.757675 
37.747521 
37.737378 
37.727245 
37.717123 
37.707011 
37.696909 
37.686818 
37.676737 
37.666666 
37.656606 
37.646556 
37.636516 
37.626486 
37.616467 
37.606457 
37.596458 
37.586469 
37.576490 
37.566522 
37.556563 
37.546615 
37.536676 
37.526748 
37.516829 
37.506921 
37.497023 
37.487134 
37.477256 
37.467387 
37.457529 
37.447680 
37.437841 
37.428012 
37.418193 
37.408384 
37.398585 
37.388795 
37.379015 
37.369245 
37.359485 
37.349734 
37.339993 
37.330262 
37.320540 
37.310828 
37.301126 
37.291433 
37.281750 
37.272077 
37.262413 
37.252759 
37.243114 
37.233479 
37.223853 
37.214237 
37.204630 
37.195033 
37.185445 
37.175867 
37.166297 
37.156738 
37.147188 
37.137647 
37.128115 
37.118593 
37.109080 
37.099576 
37.090082 
37.080597 
37.071121 
37.061654 
37.052197 
37.042748 
37.033309 
37.023880 
37.014459 
37.005047 
36.995645 
36.986251 
36.976867 
36.967492 
36.958125 
36.948768 
36.939420 
36.930081 
36.920751 
36.911430 
36.902117 
36.892814 
36.883520 
36.874234 
36.864958 
36.855690 
36.846431 
36.837182 
36.827940 
36.818708 
36.809485 
36.800270 
36.791064 
36.781867 
36.772679 
36.763499 
36.754328 
36.745166 
36.736012 
36.726867 
36.717731 
36.708604 
36.699485 
36.690374 
36.681272 
36.672179 
36.663095 
36.654019 
36.644951 
36.635892 
36.626842 
36.617800 
36.608766 
36.599741 
36.590725 
36.581717 
36.572717 
36.563726 
36.554743 
36.545768 
36.536802 
36.527844 
36.518895 
36.509954 
36.501021 
36.492096 
36.483180 
36.474272 
36.465372 
36.456481 
36.447597 
36.438722 
36.429856 
36.420997 
36.412146 
36.403304 
36.394470 
36.385644 
36.376826 
36.368016 
36.359214 
36.350421 
36.341635 
36.332858 
36.324088 
36.315326 
36.306573 
36.297828 
36.289090 
36.280360 
36.271639 
36.262925 
36.254220 
36.245522 
36.236832 
36.228150 
36.219476 
36.210809 
36.202151 
36.193500 
36.184858 
36.176223 
36.167596 
36.158976 
36.150365 
36.141761 
36.133165 
36.124576 
36.115996 
36.107423 
36.098858 
36.090300 
36.081750 
36.073208 
36.064673 
36.056146 
36.047627 
36.039115 
36.030611 
36.022115 
36.013626 
36.005144 
35.996670 
35.988204 
35.979745 
35.971294 
35.962850 
35.954414 
35.945985 
35.937564 
35.929150 
35.920743 
35.912344 
35.903952 
35.895568 
35.887191 
35.878821 
35.870459 
35.862104 
35.853757 
35.845417 
35.837084 
35.828758 
35.820440 
35.812129 
35.803825 
35.795529 
35.787239 
35.778957 
35.770683 
35.762415 
35.754155 
35.745901 
35.737655 
35.729417 
35.721185 
35.712960 
35.704743 
35.696532 
35.688329 
35.680133 
35.671944 
35.663762 
35.655587 
35.647419 
35.639258 
35.631104 
35.622957 
35.614817 
35.606684 
35.598558 
35.590439 
35.582327 
35.574222 
35.566124 
35.558033 
35.549949 
35.541871 
35.533801 
35.525737 
35.517680 
35.509630 
35.501587 
35.493551 
35.485522 
35.477499 
35.469483 
35.461474 
35.453472 
35.445476 
35.437488 
35.429506 
35.421530 
35.413562 
35.405600 
35.397645 
35.389696 
35.381755 
35.373819 
35.365891 
35.357969 
35.350054 
35.342145 
35.334243 
35.326348 
35.318459 
35.310577 
35.302702 
35.294833 
35.286970 
35.279114 
35.271265 
35.263422 
35.255586 
35.247756 
35.239932 
35.232115 
35.224305 
35.216501 
35.208704 
35.200912 
35.193128 
35.185350 
35.177578 
35.169812 
35.162053 
35.154301 
35.146554 
35.138814 
35.131081 
35.123354 
35.115633 
35.107918 
35.100210 
35.092508 
35.084812 
35.077122 
35.069439 
35.061762 
35.054092 
35.046427 
35.038769 
35.031117 
35.023471 
35.015832 
35.008198 
35.000571 
34.992950 
34.985335 
34.977726 
34.970124 
34.962527 
34.954937 
34.947353 
34.939775 
34.932203 
34.924637 
34.917077 
34.909523 
34.901975 
34.894434 
34.886898 
34.879368 
34.871845 
34.864327 
34.856815 
34.849310 
34.841810 
34.834316 
34.826829 
34.819347 
34.811871 
34.804401 
34.796937 
34.789479 
34.782027 
34.774581 
34.767140 
34.759706 
34.752277 
34.744854 
34.737438 
34.730026 
34.722621 
34.715222 
34.707828 
34.700440 
34.693058 
34.685682 
34.678312 
34.670947 
34.663588 
34.656235 
34.648888 
34.641546 
34.634210 
34.626880 
34.619555 
34.612237 
34.604924 
34.597616 
34.590314 
34.583018 
34.575728 
34.568443 
34.561164 
34.553890 
34.546623 
34.539360 
34.532104 
34.524853 
34.517607 
34.510367 
34.503133 
34.495904 
34.488681 
34.481463 
34.474251 
34.467044 
34.459843 
34.452648 
34.445458 
34.438273 
34.431094 
34.423920 
34.416752 
34.409590 
34.402432 
34.395281 
34.388134 
34.380993 
34.373858 
34.366728 
34.359603 
34.352484 
34.345370 
34.338261 
34.331158 
34.324060 
34.316968 
34.309881 
34.302799 
34.295723 
34.288652 
34.281586 
34.274526 
34.267470 
34.260420 
34.253376 
34.246337 
34.239303 
34.232274 
34.225250 
34.218232 
34.211219 
34.204211 
34.197209 
34.190211 
34.183219 
34.176232 
34.169250 
34.162274 
34.155302 
34.148336 
34.141375 
34.134419 
34.127468 
34.120522 
34.113582 
34.106646 
34.099716 
34.092791 
34.085871 
34.078956 
34.072046 
34.065141 
34.058241 
34.051347 
34.044457 
34.037572 
34.030693 
34.023818 
34.016949 
34.010084 
34.003224 
33.996370 
33.989520 
33.982676 
33.975836 
33.969002 
33.962172 
33.955348 
33.948528 
33.941713 
33.934903 
33.928098 
33.921298 
33.914503 
33.907713 
33.900928 
33.894147 
33.887372 
33.880601 
33.873836 
33.867075 
33.860319 
33.853568 
33.846821 
33.840080 
33.833343 
33.826611 
33.819884 
33.813162 
33.806445 
33.799732 
33.793024 
33.786321 
33.779623 
33.772929 
33.766241 
33.759557 
33.752877 
33.746203 
33.739533 
33.732868 
33.726208 
33.719552 
33.712901 
33.706255 
33.699613 
33.692976 
33.686344 
33.679717 
33.673094 
33.666476 
33.659862 
33.653253 
33.646649 
33.640049 
33.633454 
33.626864 
33.620278 
33.613697 
33.607120 
33.600548 
33.593981 
33.587418 
33.580860 
33.574306 
33.567757 
33.561212 
33.554672 
33.548137 
33.541606 
33.535080 
33.528558 
33.522040 
33.515527 
33.509019 
33.502515 
33.496016 
33.489521 
33.483030 
33.476544 
33.470063 
33.463586 
33.457113 
33.450645 
33.444181 
33.437722 
33.431267 
33.424816 
33.418370 
33.411929 
33.405491 
33.399059 
33.392630 
33.386206 
33.379786 
33.373371 
33.366960 
33.360553 
33.354151 
33.347753 
33.341359 
33.334970 
33.328585 
33.322205 
33.315828 
33.309456 
33.303089 
33.296725 
33.290366 
33.284011 
33.277661 
33.271315 
33.264973 
33.258635 
33.252301 
33.245972 
33.239647 
33.233326 
33.227010 
33.220697 
33.214389 
33.208085 
33.201786 
33.195490 
33.189199 
33.182912 
33.176629 
33.170350 
33.164076 
33.157805 
33.151539 
33.145277 
33.139019 
33.132766 
33.126516 
33.120270 
33.114029 
33.107792 
33.101559 
33.095330 
33.089105 
33.082884 
33.076667 
33.070455 
33.064246 
33.058042 
33.051841 
33.045645 
33.039453 
33.033264 
33.027080 
33.020900 
33.014724 
33.008552 
33.002384 
32.996220 
32.990060 
32.983904 
32.977752 
32.971604 
32.965460 
32.959320 
32.953184 
32.947052 
32.940924 
32.934800 
32.928680 
32.922563 
32.916451 
32.910343 
32.904239 
32.898138 
32.892042 
32.885949 
32.879861 
32.873776 
32.867695 
32.861618 
32.855545 
32.849476 
32.843411 
32.837349 
32.831292 
32.825238 
32.819189 
32.813143 
32.807101 
32.801063 
32.795028 
32.788998 
32.782971 
32.776949 
